#io generator
#numio=777 maxtracks=1998 lambda=6.300000
1 1739
122 1013
251 1205
500 407
663 1296
812 1988
873 918
911 756
1124 1506
1505 150
1577 35
1741 722
1794 166
2087 1860
2089 1145
2135 1778
2157 300
2229 1491
2428 449
2853 873
3146 1203
3226 451
3235 1332
3366 1676
3443 1073
3790 1634
3905 1198
3933 1737
4096 107
4325 1403
4465 161
4592 1549
4629 1977
4734 1967
4768 944
4845 176
4856 1706
4909 274
5013 1835
5536 1881
5622 1778
5824 21
5919 1878
6220 346
6904 1361
7199 1239
7403 935
7474 1984
7561 1833
8092 1345
8162 797
8365 931
8406 151
8537 1547
9247 1158
9426 901
9516 951
9604 1919
9680 684
9700 818
9703 19
9707 1571
9799 850
10013 1871
10072 1513
10205 1467
10229 742
10260 819
10344 1606
10373 884
10441 1799
10758 1706
10825 710
11064 1585
11234 1894
11266 1443
11712 466
11813 871
11966 576
12032 5
12038 1962
12227 404
12289 1873
12423 1600
12615 1592
12654 250
12824 274
13366 150
13462 1586
13749 381
13941 143
14287 1398
14338 844
14358 1926
14534 1016
15014 1513
15110 1407
15563 1687
15709 1144
15856 767
15921 1776
16022 135
16025 976
16047 1037
16094 23
16270 49
16282 1246
16465 776
16471 1720
16532 1514
16597 639
16700 1718
16703 950
16876 1333
16883 700
16890 835
16929 1119
17023 532
17030 1257
17248 662
17393 991
17455 1447
17473 161
17490 333
17891 930
18258 622
18476 880
18502 1619
18853 1750
18945 1927
18981 1056
19049 931
19062 1736
19249 276
19347 1036
19437 278
19439 1650
19722 269
20058 1951
20109 1696
20192 454
20216 456
20372 663
20377 1168
20410 1033
20523 868
20529 1862
20856 270
21085 1266
21130 599
21153 1485
21235 334
21354 606
21405 952
21451 1207
21507 1444
21760 970
22185 999
22426 1978
22438 51
22538 1267
22625 1106
22744 723
22910 735
23641 1923
23797 296
23971 215
24024 551
24099 1234
24297 1381
24332 156
24408 107
24526 730
24640 763
24702 1277
24776 1724
24821 1735
24897 1679
24934 211
24967 452
24977 1752
25043 1549
25625 1379
25632 791
25684 1607
25697 1059
26001 1002
26125 893
26411 276
26662 445
26875 475
26887 102
26903 1005
27218 674
27351 201
27469 1354
28003 1876
28089 1924
28230 1009
28293 1874
28345 892
28434 384
28852 105
28997 1629
29027 938
29032 1936
29206 248
29208 1626
29348 1823
29371 473
29372 1429
29720 1982
29871 736
30308 568
30601 628
30636 365
30839 1380
30906 1418
31099 30
31205 1869
31299 1126
31632 384
31797 1849
31851 1675
31875 1104
32146 1744
32235 1687
32341 1670
32569 1622
32744 228
32749 1784
33044 1450
33088 1169
33178 567
33194 810
33402 1347
33454 1921
33518 471
34000 1355
34011 250
34048 1852
34871 1396
35080 1052
35189 1141
35247 489
35411 746
35432 1121
35446 812
35468 1137
35634 514
36148 918
36527 569
36604 588
36708 777
37213 1190
37315 407
37420 1025
37750 589
37755 875
38040 756
38203 1103
38401 1640
38418 1701
38454 521
38531 1835
38634 789
38701 899
38863 1598
39056 402
39085 1433
39311 1406
39670 640
39704 1646
39840 513
39883 963
40026 1889
40031 775
40238 296
40276 1987
40350 1318
40696 1853
40704 583
40771 1468
40784 244
41173 562
41432 1466
42018 1520
42026 404
42151 1339
42238 1694
42261 190
42485 373
42579 1120
42637 1444
42752 1488
42820 937
42978 874
43181 101
43208 1706
43235 218
43255 26
43518 241
43729 1794
43784 719
43903 1564
43936 1440
44234 2
44571 723
44688 486
44700 235
45318 934
45443 1321
45777 696
45954 157
45986 1770
46015 674
46340 62
46427 1346
46801 1561
46805 994
46923 482
46958 885
46997 252
47229 1608
47294 1779
47656 717
47719 1018
47721 527
47998 1464
48057 120
48194 1060
48266 1035
48383 1711
48413 982
48557 451
49182 406
49271 415
49418 1418
49475 903
49577 1408
49636 874
49645 1400
50060 168
50531 1609
50772 614
51057 872
51315 528
51752 800
51770 294
52085 1517
52151 1761
52614 1678
52627 1217
52740 847
52749 130
52768 807
52867 384
52882 900
52928 139
52970 188
53037 244
53144 432
53213 970
53349 1014
53491 1017
53535 12
53605 461
53870 960
54130 792
54462 1802
54550 67
54602 1928
54638 820
54714 1005
54807 1342
54936 1715
55160 256
55171 361
55306 1381
55472 494
55503 1911
55544 1182
55573 200
55583 55
55680 1952
56055 1916
56056 471
56421 473
56569 680
56760 254
56761 674
57353 1611
57442 121
58049 161
58247 1352
58303 1904
58445 1163
58557 1640
58720 1234
58988 359
59116 1556
59137 1209
59139 127
59401 1321
59474 1163
59695 832
60052 1549
60088 771
60344 421
60433 1176
60743 1589
60854 1041
60921 174
60980 120
61153 381
61192 598
61684 757
62017 1967
62100 1493
62247 1693
62303 870
62346 499
62379 974
62522 93
62692 206
62835 1171
63159 355
63175 551
63218 898
63276 1938
63421 1151
63465 1220
63904 349
64032 797
64393 483
64433 503
64594 1020
64693 1775
65508 276
65895 1393
65934 1141
65981 280
66177 782
66253 28
66514 1505
67093 964
67149 508
67163 570
67242 1377
67406 702
67785 1860
67916 1217
67999 210
68097 879
68136 867
68157 970
68234 1251
68433 1624
68439 1536
68590 1591
68789 274
68808 15
68845 822
68926 1839
68940 1575
69211 54
69281 922
69371 993
69824 1817
70016 787
70022 453
70094 936
70366 308
70413 1790
70776 1871
70943 1352
70953 1635
71117 608
71154 243
71190 652
71531 154
71593 603
71703 1643
71930 997
72117 1079
72434 1557
72640 585
72680 1238
72764 1059
72867 739
72956 416
72962 1079
72965 1461
73229 514
73501 140
73625 1525
73647 1873
73656 1372
73859 1726
73888 984
73961 158
74006 342
74072 1039
74294 1637
74301 614
74330 1033
74433 473
74441 1085
74926 1803
75155 1641
75661 769
75786 240
75841 1299
76074 165
76176 1984
76297 1836
76307 1693
76320 889
76385 1761
76428 836
76457 908
76845 1409
77012 1984
77052 1318
77373 99
77466 1736
77547 133
78176 1513
78355 1592
78615 462
78836 831
78859 1724
78902 481
78954 1262
78972 1144
78979 623
78982 1970
78984 1436
79527 532
79594 1750
79648 1720
79842 1501
80213 1467
80314 1288
80421 697
80717 642
80922 53
80951 57
80995 984
81148 780
81157 1420
81329 185
81498 1439
81735 1352
82336 381
82450 606
82457 595
82465 1957
82469 1126
82608 1127
82953 1000
83261 1354
83367 141
83541 1589
83658 734
83687 1256
83698 1776
83880 1551
84013 1066
84098 1192
84281 12
84607 1551
84658 1908
84858 673
84962 760
85290 862
85592 1573
85608 818
85885 1631
85917 843
85946 782
85953 525
85999 1545
86004 1779
86056 984
86151 64
86249 774
86484 1606
86543 1129
86564 1721
86976 85
87025 1654
87276 805
87314 1376
87349 885
87365 806
87620 324
87776 230
88163 1411
88202 398
88298 549
88468 1759
88480 1003
88515 1297
88661 169
88789 1371
88856 846
88959 1560
89112 410
89127 632
89200 1875
89292 142
89299 828
89512 120
89664 1952
89778 1863
89938 867
89940 355
90092 1330
90336 1483
90379 1014
90397 1369
90400 1801
90460 459
90789 900
90901 612
90971 51
91038 887
91120 311
91219 195
91239 116
91243 1615
91339 94
91934 300
92111 1614
92427 1948
92481 26
92634 680
92982 13
93102 1632
93189 234
93207 1692
93228 1002
93276 1165
93428 1589
93590 1578
93863 1422
93992 692
94194 1168
94291 944
94361 779
94445 1415
94518 215
94525 636
94542 1237
94562 1143
94751 517
94828 1757
95031 1419
95119 835
95219 289
95252 719
95528 1611
95702 1231
95772 407
95785 1565
95913 1072
96009 1993
96156 1081
96210 1518
96234 902
96291 1792
96467 1502
96680 943
96768 480
97080 1935
97149 196
97205 484
97537 70
97814 590
97852 1893
97863 1665
97957 1142
98209 259
98226 295
98538 545
98668 443
98694 621
99205 1892
99421 871
99450 1344
99523 1144
99732 1465
99971 1349
100179 1346
100676 16
100814 100
101075 213
101213 1345
101251 1468
101495 252
101496 841
101556 356
101743 643
101762 1028
101963 626
101992 326
102300 1915
102621 1401
102764 1329
102831 1209
102990 1992
103141 1030
103156 554
103185 680
103186 20
103275 40
103355 1628
103386 326
103407 648
103568 1789
103712 1728
103720 1048
103966 1909
104002 914
104140 1202
104149 589
104279 1435
104515 1405
105257 0
105263 17
105264 1020
105268 882
105324 455
105456 925
105570 565
105633 381
105655 835
105833 1942
105899 1882
105978 1988
106089 984
106137 286
106170 202
106436 415
106451 1780
106485 223
106558 491
106672 1453
106763 317
106793 52
106876 1097
106910 1178
107390 1864
107507 681
107802 1981
107860 837
107954 1253
108071 1391
108256 818
108588 1658
108638 242
109039 1402
109104 990
109183 1680
109334 1237
109620 193
109646 169
109811 271
109813 496
109905 1784
109944 1626
109997 1449
110079 1747
110157 338
110204 652
111074 1168
