#io generator
#numio=777 maxtracks=2999 lambda=6.300000
1 1108
223 1952
283 1261
329 1235
536 2929
627 2610
1361 2977
1369 377
1752 1281
2095 152
2268 1015
2531 2940
2650 937
2697 791
2747 1356
3381 1639
3748 1793
3795 208
3799 1175
3939 1920
4037 2488
4189 1014
4557 1644
4690 1971
5470 793
5732 1596
5929 1250
6082 93
6361 2140
6435 2821
6473 735
6615 2962
7009 2054
7021 2584
7038 1616
7186 1337
7284 38
7611 572
7786 746
8187 1609
8340 1669
8355 350
9120 1744
9154 2109
9228 1329
9448 1384
9696 394
9823 1594
10184 1520
10290 2680
10300 2686
10388 1243
10896 372
11094 1408
11193 1361
11194 2658
11196 226
12066 1971
12101 2063
12748 1782
12834 1243
12905 1392
13330 2442
13400 1114
13449 523
13564 312
13718 2495
13720 1914
13842 1446
13844 2673
13987 2692
14481 1692
14972 2660
15025 155
15207 524
15428 2722
15618 2785
15717 1361
16007 1958
16379 2853
16753 728
16765 1025
16781 205
17601 1537
17771 2973
17881 119
18348 919
18545 2368
18590 2478
18982 2305
19124 2029
19314 1249
19324 134
19361 2103
19796 335
19956 340
19995 2611
20039 707
20444 2102
20773 2526
20796 2479
21076 1234
21196 1563
21394 771
21490 1121
21553 2551
21564 2547
21630 297
22108 1282
22451 2294
22616 989
23064 2119
23111 201
23716 155
24027 2187
24504 2620
24677 1876
24748 2960
24782 2670
24841 1530
24906 1508
25001 945
25093 1884
25207 740
25219 646
25221 1785
25389 2670
25465 2237
26133 733
26473 2177
27240 2075
27435 1589
27516 2654
27671 1394
27989 2283
28765 121
28830 1008
28923 1849
29627 2310
30051 61
30938 2625
31142 1593
31451 2752
31520 2170
31557 226
31684 409
31995 149
32229 256
32808 551
32978 2131
33593 1576
33889 628
34310 321
34683 2479
35129 2069
35529 2589
35706 1388
35813 993
35915 2016
35927 1629
36220 1515
36463 1546
36635 1039
36831 1469
36992 454
37039 1426
37280 2855
37526 1618
37539 1534
37636 2809
37684 639
38027 2300
38267 585
38289 171
38719 461
38915 1846
39144 842
39174 641
39384 2195
39643 473
40101 2713
40315 1683
40729 957
40751 2748
41129 1400
41537 97
41780 1960
42122 1070
42524 2694
42638 2149
42649 44
42735 2132
42809 1389
43359 2768
43405 1886
43423 238
43586 2144
43804 1172
43811 2225
43889 2594
43939 481
44423 2667
44781 2091
44841 1989
45034 1980
45136 1943
45376 2135
45471 2911
45512 852
45989 1112
46508 2924
46635 1341
46885 273
47273 2172
47654 437
47844 126
47922 1461
48491 362
48534 534
48860 2340
49248 491
49367 1541
49810 2362
49951 153
49966 1135
50083 2954
50176 2615
50297 132
50995 812
51307 2389
51422 1073
51811 2168
52208 2311
52603 89
53233 1882
53587 2362
53921 716
53997 2001
54002 2357
54272 296
54310 421
54328 1556
54330 1549
54506 2927
54836 994
55152 611
55401 1835
55956 1603
56059 2312
56236 995
56344 1124
56371 571
56574 1262
56989 1922
57038 1729
57325 1116
57594 2470
58065 2188
58153 1361
58414 382
58742 1436
58828 1424
58848 776
58850 1421
58856 1722
59205 1285
59836 2775
60042 1689
60132 1431
60180 1661
60191 2831
60743 2311
61054 2450
61202 324
61269 620
61326 170
61573 1701
61735 2330
62108 1624
62169 2567
62195 171
62266 195
63114 2711
63325 987
63427 2498
63883 1305
64203 2427
64252 1634
64462 2119
64687 2692
65207 2665
65861 1798
65991 1459
66092 847
66098 1883
66129 432
66375 1270
66425 2004
66509 2514
67679 2127
67916 2641
67949 1345
68199 1051
69232 950
69244 1940
69295 2912
69458 508
69638 2975
69865 2842
69933 2052
70116 1241
70491 784
70878 114
71441 496
71886 2781
72328 1643
72680 57
73818 1495
73916 2971
74276 1281
74492 90
74600 520
74647 2908
74685 2565
75215 1321
75380 1481
75790 1105
76090 2076
76201 2055
76616 850
76818 2197
77197 1262
77494 2485
78029 365
78393 2204
78563 1371
78871 2843
79083 2892
79613 2388
79978 2506
80035 1080
80120 275
80398 255
80724 407
81037 1925
81153 1149
81253 754
81600 380
81617 2171
81678 2699
81809 2394
81903 672
82195 2963
82239 1993
82566 26
82714 65
82812 2488
82837 293
83360 2693
83416 2055
83581 1960
83596 2744
84097 2617
84106 2957
84299 873
84761 168
84781 730
84851 2507
84907 1406
85055 48
85193 3
85201 2539
85579 455
86193 2236
86203 536
86323 1770
86703 1497
86853 2213
86952 1642
87226 2906
87614 1830
87619 2784
88028 916
88336 256
88653 796
88675 756
88741 419
88763 291
88836 132
89230 1026
89283 821
89854 167
90170 1313
90506 436
91390 1554
91416 2472
91445 420
91743 2946
91869 1552
91884 660
92209 508
92345 148
92424 1714
92457 1804
92661 2968
93270 2516
93335 2627
93814 110
93894 2066
93937 899
93986 891
94014 1006
94136 2631
94217 2648
94324 1157
94347 535
94520 1726
94575 2594
94609 1124
94743 2290
94839 1231
95036 1884
95108 1493
95341 1802
95385 2542
95877 1182
95910 77
96189 1745
96685 144
96818 895
96939 1704
97077 2968
97110 2115
97521 875
97538 964
97550 1335
97831 1974
97847 57
97883 2216
98089 1028
98277 1563
98562 2193
98731 1400
98811 1351
98965 2336
99260 2846
99351 679
99943 1474
100512 2380
100838 36
100864 2515
100994 2543
101140 1593
101569 1958
101636 1461
102739 2570
102740 2198
102929 1668
102976 2706
102977 2145
103221 2268
103454 86
104302 1810
104458 2743
104566 910
105121 1539
105153 1153
105248 1917
105773 684
105846 558
106114 864
106123 2173
106127 1896
106197 665
106360 863
106947 648
106956 1805
107016 80
107065 2295
107666 1809
107681 2604
107707 633
107769 1433
108173 506
108434 428
108527 1265
108647 1195
108680 1358
108686 1282
108925 1696
109193 1836
109517 2278
109568 80
109897 1260
110231 2183
110236 2582
110429 421
110445 2548
110650 2768
110654 973
110668 1120
110960 1491
111275 2678
111910 2408
111992 1875
112090 108
112147 451
112485 1355
112526 1746
112964 2907
113043 2687
113421 2720
113429 2708
113730 1965
114102 2325
114919 2675
114953 2178
115058 2764
115264 1019
115539 2819
116246 281
117033 607
117092 2316
117318 1265
117411 1580
117517 1995
117634 665
117815 1379
117843 988
117869 2852
117892 285
118286 763
118653 698
118694 1322
118875 2703
118977 1612
120050 1072
120337 718
120366 1184
120597 1454
121138 158
121172 1035
121240 2168
121588 1199
121599 2760
121691 473
121694 583
121807 2510
121926 1766
121995 2998
122138 1975
122302 1456
122305 834
122580 439
122818 1159
123030 1785
123153 2343
123752 2143
123901 2237
123927 1671
124161 1396
124429 2046
124659 383
124815 262
125084 2390
125103 621
125233 1875
125484 1416
125981 1253
126186 1730
126534 750
126574 733
126580 339
127255 1608
127672 220
127692 1577
127857 2425
127906 598
128491 2182
128563 1960
128721 1123
129141 2941
130454 1661
130582 2708
131335 216
131474 2330
131557 1956
131561 1061
131870 2940
132339 1873
132350 2950
132384 1780
132719 1077
133054 2187
133073 240
133176 1834
133305 732
133496 1362
133837 136
133931 2310
133957 2512
134126 1319
134269 1706
134605 766
134775 2050
135226 1809
135460 93
135506 1379
135611 2970
135655 1431
135670 1717
135689 1575
136050 2043
136867 1845
137143 1011
137247 2533
137288 2799
137359 1994
137508 234
138046 155
138352 2402
138579 1288
138959 2556
139427 668
139821 236
140078 2739
140303 2367
140426 1405
140561 1255
140579 593
140879 1409
140888 2792
140998 980
141191 2716
141302 1550
141969 502
142050 1837
142243 451
142376 1459
142475 923
142652 222
142705 651
143129 1980
143375 1003
143392 2307
143554 2504
143612 1724
143921 1928
144414 1086
144583 921
145032 1518
145169 592
145196 214
145287 1752
145461 2164
145934 371
146272 341
146361 1978
146678 79
147719 2557
148057 1578
148305 106
148327 1361
148569 9
148930 681
149009 2086
149290 2355
149765 2556
150179 723
150301 1245
150997 986
151162 2276
151286 2638
151401 650
151904 1238
151919 2106
152513 2271
152798 122
152848 1248
152857 82
153077 1063
153351 1130
153383 1848
153438 2990
153852 1997
153965 2461
155040 2853
155225 1313
155604 2995
155831 2212
155944 2172
156067 1052
156207 534
156313 2078
156505 1307
156777 714
157110 1331
157313 2790
157326 2532
157883 2752
158035 1020
158321 1517
158394 954
159004 369
159085 1795
159505 2185
159588 903
159605 2414
159744 1413
159891 221
160396 657
160475 2092
160707 2780
160918 2169
161232 1667
161450 846
161932 1138
162262 564
162517 2195
162596 44
162681 516
162971 1961
163107 2468
163238 2857
163312 2870
163317 604
163358 1015
163846 2517
163911 1582
164087 111
164105 612
164187 2939
164374 322
164413 845
164802 1438
164877 510
165102 121
165472 376
165896 848
165913 474
165971 314
166066 1248
166191 777
166254 2126
166583 2455
166875 2611
166879 197
167284 1820
167324 58
167791 37
167938 557
167981 454
168035 19
168104 269
168177 1065
168237 1588
168368 1822
168986 2710
169415 605
169617 1961
169621 1077
169779 130
169897 1128
170121 1794
170228 1618
170429 2684
170704 2379
170714 2854
171056 971
171065 268
171307 868
171513 418
171996 1695
172005 2291
172315 1968
172430 2362
172433 2828
