    0:     1     1  1740
    1:   122  4851  4920
    2:   251  5110  5112
    3:   500  4207  4314
    4:   663  5112  5203
    5:   812  1740  1989
    6:   873  4780  4825
    7:   911  4629  4663
    8:  1124  5398  5413
    9:  1505  3942  4057
   10:  1577  1989  3942
   11:  1741  4358  4629
   12:  1794  4057  4073
   13:  2087  5742  5767
   14:  2089  4980  5052
   15:  2135  5644  5685
   16:  2157  4073  4207
   17:  2229  5310  5398
   18:  2428  4314  4356
   19:  2853  4663  4780
   20:  3146  5105  5110
   21:  3226  4356  4358
   22:  3235  5203  5239
   23:  3366  5541  5583
   24:  3443  4920  4980
   25:  3790  5456  5541
   26:  3905  5052  5105
   27:  3933  5613  5644
   28:  4096  7840  7926
   29:  4325  5239  5310
   30:  4465  7926  7980
   31:  4592  5413  5456
   32:  4629  5874  5884
   33:  4734  5788  5874
   34:  4768  4825  4851
   35:  4845  7980  7995
   36:  4856  5583  5613
   37:  4909  7995  8093
   38:  5013  5685  5742
   39:  5536  5767  5788
   40:  5622  5685  5685
   41:  5824  5884  7840
   42:  5919  9652  9697
   43:  6220  8093  8165
   44:  6904  9164  9180
   45:  7199  8754  9058
   46:  7403  8750  8754
   47:  7474  9738  9803
   48:  7561  9366  9652
   49:  8092  9058  9164
   50:  8162  8165  8616
   51:  8365  8616  8750
   52:  8406 11768 11900
   53:  8537  9180  9366
   54:  9247 12700 12907
   55:  9426 12633 12650
   56:  9516 12650 12700
   57:  9604  9697  9738
   58:  9680 12325 12433
   59:  9700 12491 12567
   60:  9703  9803 11768
   61:  9707 13262 13320
   62:  9799 12568 12599
   63: 10013 13548 13620
   64: 10072 13216 13262
   65: 10205 13192 13216
   66: 10229 12459 12491
   67: 10260 12567 12568
   68: 10344 13349 13355
   69: 10373 12620 12633
   70: 10441 13455 13548
   71: 10758 13355 13455
   72: 10825 12433 12459
   73: 11064 13320 13334
   74: 11234 13622 13643
   75: 11266 12907 13192
   76: 11712 11900 12215
   77: 11813 12599 12620
   78: 11966 12215 12325
   79: 12032 13711 15668
   80: 12038 13643 13711
   81: 12227 16044 16067
   82: 12289 13620 13622
   83: 12423 13341 13349
   84: 12615 13334 13341
   85: 12654 15813 15913
   86: 12824 15913 15937
   87: 13366 15806 15813
   88: 13462 17177 17249
   89: 13749 15937 16044
   90: 13941 15668 15806
   91: 14287 16996 17061
   92: 14338 16430 16507
   93: 14358 17439 17589
   94: 14534 16639 16679
   95: 15014 17070 17176
   96: 15110 17061 17070
   97: 15563 17249 17350
   98: 15709 16700 16807
   99: 15856 16067 16430
  100: 15921 17383 17439
  101: 16022 19518 19604
  102: 16025 16507 16639
  103: 16047 16679 16700
  104: 16094 17589 19492
  105: 16270 19492 19518
  106: 16282 16807 16909
  107: 16465 20169 20245
  108: 16471 17381 17383
  109: 16532 17176 17177
  110: 16597 20091 20108
  111: 16700 17350 17381
  112: 16703 20400 20419
  113: 16876 16909 16996
  114: 16883 20131 20169
  115: 16890 20245 20304
  116: 16929 20525 20588
  117: 17023 19802 20001
  118: 17030 20637 20726
  119: 17248 20108 20131
  120: 17393 20419 20460
  121: 17455 20726 20916
  122: 17473 19604 19630
  123: 17490 19747 19802
  124: 17891 20349 20399
  125: 18258 20001 20091
  126: 18476 20304 20349
  127: 18502 20916 21088
  128: 18853 21205 21219
  129: 18945 21331 21396
  130: 18981 20505 20525
  131: 19049 20399 20400
  132: 19062 21165 21205
  133: 19249 19630 19745
  134: 19347 20502 20505
  135: 19437 19745 19747
  136: 19439 21088 21119
  137: 19722 21420 23102
  138: 20058 21396 21420
  139: 20109 21119 21165
  140: 20192 23167 23287
  141: 20216 23287 23289
  142: 20372 23439 23496
  143: 20377 20588 20637
  144: 20410 20460 20502
  145: 20523 23568 23701
  146: 20529 21219 21331
  147: 20856 23102 23103
  148: 21085 24040 24099
  149: 21130 23289 23432
  150: 21153 24277 24318
  151: 21235 23103 23167
  152: 21354 23432 23439
  153: 21405 23701 23785
  154: 21451 23939 24040
  155: 21507 24100 24277
  156: 21760 23785 23803
  157: 22185 23803 23832
  158: 22426 24756 24811
  159: 22438 24811 26738
  160: 22538 24099 24100
  161: 22625 23832 23939
  162: 22744 23496 23556
  163: 22910 23556 23568
  164: 23641 24318 24756
  165: 23797 26963 26983
  166: 23971 26898 26902
  167: 24024 27162 27238
  168: 24099 27746 27921
  169: 24297 28066 28068
  170: 24332 26794 26843
  171: 24408 26738 26794
  172: 24526 27361 27417
  173: 24640 27417 27450
  174: 24702 27921 27964
  175: 24776 28366 28411
  176: 24821 28411 28422
  177: 24897 28294 28366
  178: 24934 26843 26898
  179: 24967 27132 27139
  180: 24977 28422 28439
  181: 25043 28068 28236
  182: 25625 28041 28066
  183: 25632 27450 27478
  184: 25684 28236 28294
  185: 25697 27692 27746
  186: 26001 27580 27689
  187: 26125 27478 27580
  188: 26411 26902 26963
  189: 26662 26983 27132
  190: 26875 27139 27162
  191: 26887 28611 30433
  192: 26903 27689 27692
  193: 27218 27238 27361
  194: 27351 30436 30532
  195: 27469 27964 28041
  196: 28003 28561 28563
  197: 28089 28563 28611
  198: 28230 31269 31340
  199: 28293 28439 28561
  200: 28345 31067 31223
  201: 28434 30579 30715
  202: 28852 30433 30436
  203: 28997 31957 31960
  204: 29027 31223 31269
  205: 29032 32200 32267
  206: 29206 30532 30579
  207: 29208 31760 31957
  208: 29348 32006 32154
  209: 29371 30715 30804
  210: 29372 31749 31760
  211: 29720 32267 32313
  212: 29871 30959 31067
  213: 30308 30804 30899
  214: 30601 30899 30959
  215: 30636 34485 34600
  216: 30839 31457 31711
  217: 30906 31711 31749
  218: 31099 32313 34265
  219: 31205 32180 32200
  220: 31299 31340 31457
  221: 31632 34600 34619
  222: 31797 32154 32180
  223: 31851 31960 32006
  224: 31875 35045 35339
  225: 32146 35922 35979
  226: 32235 35905 35922
  227: 32341 35857 35905
  228: 32569 35685 35857
  229: 32744 34265 34463
  230: 32749 35979 36019
  231: 33044 35631 35685
  232: 33088 35376 35404
  233: 33178 34706 34802
  234: 33194 34802 35045
  235: 33402 35404 35582
  236: 33454 36087 36156
  237: 33518 34619 34706
  238: 34000 35582 35590
  239: 34011 34463 34485
  240: 34048 36019 36087
  241: 34871 35590 35631
  242: 35080 38124 38151
  243: 35189 35339 35376
  244: 35247 36156 37588
  245: 35411 37687 37845
  246: 35432 38151 38220
  247: 35446 37876 37911
  248: 35468 38220 38236
  249: 35634 37588 37613
  250: 36148 37974 38017
  251: 36527 37613 37668
  252: 36604 37668 37687
  253: 36708 37845 37876
  254: 37213 38236 38289
  255: 37315 38289 39072
  256: 37420 38017 38124
  257: 37750 39186 39254
  258: 37755 37911 37974
  259: 38040 39254 39421
  260: 38203 39564 39768
  261: 38401 40263 40305
  262: 38418 40311 40366
  263: 38454 39072 39186
  264: 38531 40366 40500
  265: 38634 39421 39454
  266: 38701 39454 39564
  267: 38863 40098 40263
  268: 39056 42343 42449
  269: 39085 40071 40098
  270: 39311 39768 40071
  271: 39670 42630 42687
  272: 39704 40305 40311
  273: 39840 42451 42560
  274: 39883 42984 43010
  275: 40026 40500 40554
  276: 40031 42687 42822
  277: 40238 40652 42343
  278: 40276 40554 40652
  279: 40350 43167 43365
  280: 40696 43841 43900
  281: 40704 42609 42630
  282: 40771 43513 43515
  283: 40784 45942 45945
  284: 41173 42560 42609
  285: 41432 43491 43513
  286: 42018 43535 43567
  287: 42026 42449 42451
  288: 42151 43365 43386
  289: 42238 43567 43741
  290: 42261 45802 45891
  291: 42485 45945 46074
  292: 42579 43010 43167
  293: 42637 43386 43491
  294: 42752 43515 43535
  295: 42820 42822 42984
  296: 42978 46424 46575
  297: 43181 45727 45802
  298: 43208 43741 43753
  299: 43235 45891 45919
  300: 43255 43900 45727
  301: 43518 45936 45942
  302: 43729 43753 43841
  303: 43784 46397 46420
  304: 43903 47262 47265
  305: 43936 47047 47141
  306: 44234 47480 49257
  307: 44571 46420 46424
  308: 44688 46074 46187
  309: 44700 45919 45936
  310: 45318 46575 46635
  311: 45443 46635 47022
  312: 45777 46375 46397
  313: 45954 49375 49412
  314: 45986 47309 47471
  315: 46015 46187 46375
  316: 46340 49257 49317
  317: 46427 47022 47047
  318: 46801 47141 47262
  319: 46805 50237 50249
  320: 46923 49706 49737
  321: 46958 50129 50140
  322: 46997 49412 49507
  323: 47229 47265 47309
  324: 47294 47471 47480
  325: 47656 49782 49972
  326: 47719 50249 50273
  327: 47721 49737 49782
  328: 47998 50673 50719
  329: 48057 49317 49375
  330: 48194 50290 50315
  331: 48266 50273 50290
  332: 48383 50864 50966
  333: 48413 50158 50237
  334: 48557 49670 49706
  335: 49182 49507 49661
  336: 49271 49661 49670
  337: 49418 50663 50673
  338: 49475 50140 50158
  339: 49577 50655 50663
  340: 49636 49972 50129
  341: 49645 50315 50655
  342: 50060 50966 52509
  343: 50531 50719 50864
  344: 50772 52869 52955
  345: 51057 53188 53213
  346: 51315 52635 52869
  347: 51752 52955 53141
  348: 51770 52509 52635
  349: 52085 53558 53858
  350: 52151 54019 54102
  351: 52614 53858 54019
  352: 52627 53311 53558
  353: 52740 53148 53188
  354: 52749 55906 55969
  355: 52768 53141 53148
  356: 52867 56200 56223
  357: 52882 53213 53241
  358: 52928 55969 55978
  359: 52970 55978 56027
  360: 53037 56039 56083
  361: 53144 56223 56271
  362: 53213 53241 53311
  363: 53349 56844 56853
  364: 53491 56853 56856
  365: 53535 54102 55851
  366: 53605 56271 56300
  367: 53870 56659 56799
  368: 54130 56333 56631
  369: 54462 57554 57641
  370: 54550 55894 55906
  371: 54602 57755 57767
  372: 54638 56631 56659
  373: 54714 56799 56844
  374: 54807 57021 57181
  375: 54936 57220 57554
  376: 55160 56083 56095
  377: 55171 56095 56200
  378: 55306 57181 57220
  379: 55472 56310 56333
  380: 55503 57641 57750
  381: 55544 56856 57021
  382: 55573 56027 56039
  383: 55583 55851 55894
  384: 55680 57767 57791
  385: 56055 57750 57755
  386: 56056 56300 56310
  387: 56421 59860 59974
  388: 56569 60175 60181
  389: 56760 59662 59755
  390: 56761 59974 60175
  391: 57353 61090 61112
  392: 57442 57791 59622
  393: 58049 59628 59662
  394: 58247 60822 60853
  395: 58303 61141 61405
  396: 58445 60333 60664
  397: 58557 61112 61141
  398: 58720 60710 60735
  399: 58988 59755 59860
  400: 59116 61050 61057
  401: 59137 60677 60710
  402: 59139 59622 59628
  403: 59401 60735 60822
  404: 59474 60664 60664
  405: 59695 60272 60333
  406: 60052 60853 61050
  407: 60088 60181 60272
  408: 60344 63450 63490
  409: 60433 60664 60677
  410: 60743 61057 61090
  411: 60854 64043 64110
  412: 60921 63189 63243
  413: 60980 61405 63189
  414: 61153 63424 63450
  415: 61192 63620 63667
  416: 61684 63667 63826
  417: 62017 65007 65036
  418: 62100 64289 64562
  419: 62247 64562 64762
  420: 62303 63826 63939
  421: 62346 63490 63568
  422: 62379 63967 64043
  423: 62522 65036 66910
  424: 62692 63243 63275
  425: 62835 64220 64240
  426: 63159 63275 63424
  427: 63175 63568 63620
  428: 63218 63939 63967
  429: 63276 64844 65007
  430: 63421 64110 64220
  431: 63465 64240 64289
  432: 63904 67097 67166
  433: 64032 67599 67614
  434: 64393 67166 67300
  435: 64433 67300 67320
  436: 64594 67781 67837
  437: 64693 64762 64844
  438: 65508 66910 67093
  439: 65895 68194 68210
  440: 65934 67837 67958
  441: 65981 67093 67097
  442: 66177 67387 67599
  443: 66253 68677 70509
  444: 66514 68210 68322
  445: 67093 67614 67781
  446: 67149 67320 67325
  447: 67163 67325 67387
  448: 67242 68034 68194
  449: 67406 70934 71183
  450: 67785 68322 68677
  451: 67916 67958 68034
  452: 67999 70535 70691
  453: 68097 71348 71360
  454: 68136 71303 71348
  455: 68157 71417 71451
  456: 68234 71474 71732
  457: 68433 72072 72105
  458: 68439 71833 72017
  459: 68590 72056 72072
  460: 68789 70691 70755
  461: 68808 72352 74208
  462: 68845 71268 71303
  463: 68926 72298 72320
  464: 68940 72017 72056
  465: 69211 70509 70535
  466: 69281 71360 71403
  467: 69371 71451 71474
  468: 69824 72271 72298
  469: 70016 71183 71268
  470: 70022 70789 70934
  471: 70094 71403 71417
  472: 70366 70755 70789
  473: 70413 72124 72271
  474: 70776 72320 72352
  475: 70943 71732 71833
  476: 70953 72105 72116
  477: 71117 74796 74801
  478: 71154 74351 74436
  479: 71190 74807 74845
  480: 71531 74333 74347
  481: 71593 74778 74796
  482: 71703 72116 72124
  483: 71930 75177 75190
  484: 72117 75252 75272
  485: 72434 75718 75750
  486: 72640 74707 74778
  487: 72680 75278 75431
  488: 72764 75232 75252
  489: 72867 74845 74932
  490: 72956 74535 74609
  491: 72962 75272 75272
  492: 72965 75565 75654
  493: 73229 74666 74707
  494: 73501 74208 74333
  495: 73625 75654 75718
  496: 73647 75996 76066
  497: 73656 75431 75565
  498: 73859 75834 75919
  499: 73888 74932 75177
  500: 73961 74347 74351
  501: 74006 74436 74535
  502: 74072 75226 75232
  503: 74294 75750 75830
  504: 74301 74801 74807
  505: 74330 75190 75226
  506: 74433 74609 74666
  507: 74441 75272 75278
  508: 74926 75919 75996
  509: 75155 75830 75834
  510: 75661 77699 78228
  511: 75786 76066 77699
  512: 75841 78367 78758
  513: 76074 81362 81394
  514: 76176 79429 79443
  515: 76297 79220 79295
  516: 76307 79051 79152
  517: 76320 78295 78348
  518: 76385 79195 79220
  519: 76428 78228 78295
  520: 76457 78348 78367
  521: 76845 78777 78868
  522: 77012 79443 79443
  523: 77052 78758 78777
  524: 77373 79443 81328
  525: 77466 79183 79195
  526: 77547 81328 81362
  527: 78176 78868 78972
  528: 78355 78972 79051
  529: 78615 81414 81691
  530: 78836 82009 82060
  531: 78859 79152 79183
  532: 78902 81691 81710
  533: 78954 82373 82491
  534: 78972 82213 82373
  535: 78979 81761 81852
  536: 78982 79295 79429
  537: 78984 82649 82665
  538: 79527 81710 81761
  539: 79594 82949 82979
  540: 79648 82730 82949
  541: 79842 82696 82730
  542: 80213 82668 82696
  543: 80314 82491 82517
  544: 80421 81871 81926
  545: 80717 81852 81871
  546: 80922 83186 85090
  547: 80951 85090 85094
  548: 80995 82060 82213
  549: 81148 81926 82009
  550: 81157 82581 82649
  551: 81329 81394 81414
  552: 81498 82665 82668
  553: 81735 82517 82581
  554: 82336 85178 85418
  555: 82450 85632 85643
  556: 82457 85418 85632
  557: 82465 82979 83186
  558: 82469 86103 86163
  559: 82608 86163 86164
  560: 82953 85899 86037
  561: 83261 86293 86391
  562: 83367 85094 85178
  563: 83541 86610 86626
  564: 83658 85710 85771
  565: 83687 86229 86293
  566: 83698 86758 86813
  567: 83880 86582 86588
  568: 84013 86037 86103
  569: 84098 86164 86229
  570: 84281 86945 88841
  571: 84607 86588 86588
  572: 84658 86816 86945
  573: 84858 85643 85710
  574: 84962 85771 85797
  575: 85290 85855 85899
  576: 85592 86588 86610
  577: 85608 85797 85855
  578: 85885 86643 86668
  579: 85917 89657 89672
  580: 85946 89603 89611
  581: 85953 89239 89354
  582: 85999 86391 86582
  583: 86004 86813 86816
  584: 86056 89714 89813
  585: 86151 88841 88893
  586: 86249 89461 89603
  587: 86484 86626 86643
  588: 86543 89832 89958
  589: 86564 86668 86758
  590: 86976 88893 88914
  591: 87025 90389 90483
  592: 87276 89611 89634
  593: 87314 90200 90205
  594: 87349 89675 89714
  595: 87365 89634 89635
  596: 87620 89059 89153
  597: 87776 88998 89059
  598: 88163 90205 90240
  599: 88202 89153 89227
  600: 88298 89354 89378
  601: 88468 90483 90588
  602: 88480 89813 89832
  603: 88515 89958 90126
  604: 88661 88914 88998
  605: 88789 90159 90200
  606: 88856 89672 89675
  607: 88959 90240 90389
  608: 89112 89227 89239
  609: 89127 89378 89461
  610: 89200 90692 90704
  611: 89292 92613 92635
  612: 89299 89635 89657
  613: 89512 90781 92613
  614: 89664 90704 90781
  615: 89778 90630 90692
  616: 89938 93173 93360
  617: 89940 92804 92848
  618: 90092 90126 90159
  619: 90336 93862 93976
  620: 90379 93495 93507
  621: 90397 93658 93862
  622: 90400 90588 90630
  623: 90460 92848 92952
  624: 90789 93380 93393
  625: 90901 92952 93105
  626: 90971 96389 96414
  627: 91038 93360 93380
  628: 91120 92793 92804
  629: 91219 92635 92688
  630: 91239 96457 96479
  631: 91243 94107 94108
  632: 91339 96414 96457
  633: 91934 92688 92793
  634: 92111 94082 94107
  635: 92427 94185 94441
  636: 92481 96376 96389
  637: 92634 93105 93173
  638: 92982 94441 96376
  639: 93102 94108 94125
  640: 93189 96578 96597
  641: 93207 94125 94185
  642: 93228 93393 93495
  643: 93276 93507 93658
  644: 93428 94071 94082
  645: 93590 93976 94071
  646: 93863 97782 97785
  647: 93992 96999 97055
  648: 94194 97506 97531
  649: 94291 97306 97307
  650: 94361 97082 97142
  651: 94445 97600 97778
  652: 94518 96479 96578
  653: 94525 96880 96999
  654: 94542 97594 97600
  655: 94562 97444 97506
  656: 94751 96843 96880
  657: 94828 98028 98120
  658: 95031 97778 97782
  659: 95119 97142 97198
  660: 95219 96597 96652
  661: 95252 97055 97082
  662: 95528 97928 97974
  663: 95702 97531 97594
  664: 95772 96652 96770
  665: 95785 97881 97928
  666: 95913 97307 97435
  667: 96009 98298 98356
  668: 96156 97435 97444
  669: 96210 97865 97881
  670: 96234 97198 97265
  671: 96291 98120 98155
  672: 96467 97785 97865
  673: 96680 97265 97306
  674: 96768 96770 96843
  675: 97080 98256 98298
  676: 97149 100279 100405
  677: 97205 100652 100693
  678: 97537 98356 100279
  679: 97814 100754 100799
  680: 97852 98155 98256
  681: 97863 97974 98028
  682: 97957 101080 101351
  683: 98209 100405 100468
  684: 98226 100468 100504
  685: 98538 100693 100754
  686: 98668 100504 100652
  687: 98694 100799 100830
  688: 99205 101677 102101
  689: 99421 100830 101080
  690: 99450 101353 101553
  691: 99523 101351 101353
  692: 99732 101558 101674
  693: 99971 101555 101558
  694: 100179 101554 101555
  695: 100676 102101 103977
  696: 100814 104001 104061
  697: 101075 104061 104174
  698: 101213 101553 101554
  699: 101251 101674 101677
  700: 101495 104174 104213
  701: 101496 104641 104802
  702: 101556 104287 104317
  703: 101743 104587 104604
  704: 101762 104875 104989
  705: 101963 104550 104587
  706: 101992 104213 104287
  707: 102300 105870 105876
  708: 102621 105290 105362
  709: 102764 105170 105290
  710: 102831 105163 105170
  711: 102990 105903 105953
  712: 103141 104989 104991
  713: 103156 104317 104515
  714: 103185 104609 104641
  715: 103186 103977 103981
  716: 103275 103981 104001
  717: 103355 105396 105589
  718: 103386 104287 104287
  719: 103407 104604 104609
  720: 103568 105689 105750
  721: 103712 105589 105689
  722: 103720 104991 105009
  723: 103966 105750 105870
  724: 104002 104802 104875
  725: 104140 105009 105163
  726: 104149 104515 104550
  727: 104279 105366 105396
  728: 104515 105362 105366
  729: 105257 105953 107945
  730: 105263 107945 107962
  731: 105264 108929 108965
  732: 105268 108782 108827
  733: 105324 108360 108400
  734: 105456 108827 108870
  735: 105570 108436 108510
  736: 105633 108262 108326
  737: 105655 108763 108780
  738: 105833 105876 105903
  739: 105899 109809 109827
  740: 105978 109926 109933
  741: 106089 108870 108929
  742: 106137 108168 108231
  743: 106170 107997 108147
  744: 106436 108326 108360
  745: 106451 109625 109725
  746: 106485 108147 108168
  747: 106558 108400 108436
  748: 106672 109347 109398
  749: 106763 108231 108262
  750: 106793 107962 107997
  751: 106876 108965 109042
  752: 106910 109042 109123
  753: 107390 109725 109809
  754: 107507 108510 108626
  755: 107802 109827 109926
  756: 107860 108780 108782
  757: 107954 109123 109198
  758: 108071 109198 109336
  759: 108256 108626 108763
  760: 108588 109398 109603
  761: 108638 111776 111825
  762: 109039 109336 109347
  763: 109104 112235 112573
  764: 109183 109603 109625
  765: 109334 112751 112820
  766: 109620 111752 111776
  767: 109646 109933 111752
  768: 109811 111825 111854
  769: 109813 111921 112079
  770: 109905 113330 113367
  771: 109944 113032 113209
  772: 109997 112820 113032
  773: 110079 113209 113330
  774: 110157 111854 111921
  775: 110204 112079 112235
  776: 111074 112573 112751
SUM: 113367 113366 1.0000 2080.82 1934.92 5418
