    0:     1     1  1740
    1:   122  2832  2964
    2:   251  2681  2772
    3:   500  3528  3570
    4:   663  2486  2681
    5:   812  1740  1989
    6:   873  2964  3059
    7:   911  3104  3221
    8:  1124  1989  2471
    9:  1505  3811  3827
   10:  1577  3827  3942
   11:  1741  3221  3255
   12:  1794  3677  3811
   13:  2087  5742  5767
   14:  2089  2772  2832
   15:  2135  5644  5685
   16:  2157  3570  3677
   17:  2229  2471  2486
   18:  2428  3526  3528
   19:  2853  3059  3104
   20:  3146  5105  5110
   21:  3226  3255  3526
   22:  3235  5110  5239
   23:  3366  5541  5583
   24:  3443  3942  4980
   25:  3790  5456  5541
   26:  3905  4980  5105
   27:  3933  5613  5644
   28:  4096  7700  7754
   29:  4325  5239  5310
   30:  4465  7685  7700
   31:  4592  5310  5456
   32:  4629  5874  5884
   33:  4734  5788  5874
   34:  4768  5884  6917
   35:  4845  7587  7685
   36:  4856  5583  5613
   37:  4909  7515  7587
   38:  5013  5685  5742
   39:  5536  5767  5788
   40:  5622  5685  5685
   41:  5824  7754  7840
   42:  5919  9652  9697
   43:  6220  6917  7515
   44:  6904  9164  9180
   45:  7199  8754  9058
   46:  7403  7840  8754
   47:  7474  9738  9803
   48:  7561  9366  9652
   49:  8092  9058  9164
   50:  8162 10969 10990
   51:  8365 10836 10856
   52:  8406 11103 11636
   53:  8537  9180  9366
   54:  9247 10320 10629
   55:  9426 10856 10886
   56:  9516 10629 10836
   57:  9604  9697  9738
   58:  9680 11077 11103
   59:  9700 10968 10969
   60:  9703 11636 11768
   61:  9707  9803 10216
   62:  9799 10903 10937
   63: 10013 13548 13620
   64: 10072 10216 10274
   65: 10205 10274 10320
   66: 10229 10990 11045
   67: 10260 10937 10968
   68: 10344 13349 13355
   69: 10373 10886 10903
   70: 10441 13455 13548
   71: 10758 13355 13455
   72: 10825 11045 11077
   73: 11064 13192 13334
   74: 11234 13622 13643
   75: 11266 12620 13192
   76: 11712 11768 12215
   77: 11813 12325 12620
   78: 11966 12215 12325
   79: 12032 15530 15668
   80: 12038 13643 13711
   81: 12227 14087 15269
   82: 12289 13620 13622
   83: 12423 13341 13349
   84: 12615 13334 13341
   85: 12654 15399 15423
   86: 12824 15292 15399
   87: 13366 15423 15523
   88: 13462 13711 14087
   89: 13749 15269 15292
   90: 13941 15523 15530
   91: 14287 16996 17061
   92: 14338 15668 16507
   93: 14358 17439 17589
   94: 14534 16639 16679
   95: 15014 17070 17176
   96: 15110 17061 17070
   97: 15563 17177 17350
   98: 15709 16700 16807
   99: 15856 18739 18748
  100: 15921 17383 17439
  101: 16022 19354 19380
  102: 16025 16507 16639
  103: 16047 16679 16700
  104: 16094 19466 19492
  105: 16270 19380 19466
  106: 16282 16807 16909
  107: 16465 18680 18739
  108: 16471 17381 17383
  109: 16532 17176 17177
  110: 16597 18853 18876
  111: 16700 17350 17381
  112: 16703 18524 18565
  113: 16876 16909 16996
  114: 16883 18748 18815
  115: 16890 18635 18680
  116: 16929 18258 18396
  117: 17023 18893 18983
  118: 17030 18068 18258
  119: 17248 18815 18853
  120: 17393 18396 18524
  121: 17455 17589 18068
  122: 17473 19182 19354
  123: 17490 18983 19182
  124: 17891 18565 18585
  125: 18258 18876 18893
  126: 18476 18585 18635
  127: 18502 20637 21088
  128: 18853 21205 21219
  129: 18945 21331 21396
  130: 18981 20505 20525
  131: 19049 19747 20400
  132: 19062 21165 21205
  133: 19249 19492 19745
  134: 19347 20400 20505
  135: 19437 19745 19747
  136: 19439 21088 21119
  137: 19722 23101 23102
  138: 20058 21396 21420
  139: 20109 21119 21165
  140: 20192 22915 22917
  141: 20216 22772 22915
  142: 20372 22503 22708
  143: 20377 20525 20637
  144: 20410 22164 22338
  145: 20523 22419 22503
  146: 20529 21219 21331
  147: 20856 23037 23101
  148: 21085 21927 22105
  149: 21130 22765 22772
  150: 21153 21420 21886
  151: 21235 22917 23037
  152: 21354 22708 22765
  153: 21405 22401 22419
  154: 21451 22105 22164
  155: 21507 21886 21927
  156: 21760 22372 22401
  157: 22185 22338 22372
  158: 22426 25192 25247
  159: 22438 23102 23320
  160: 22538 24503 24536
  161: 22625 24004 24375
  162: 22744 23320 23992
  163: 22910 23992 24004
  164: 23641 24650 25192
  165: 23797 26780 26929
  166: 23971 26949 27010
  167: 24024 26495 26674
  168: 24099 24375 24503
  169: 24297 24536 24650
  170: 24332 27014 27069
  171: 24408 27069 27118
  172: 24526 26462 26495
  173: 24640 26434 26462
  174: 24702 25846 25948
  175: 24776 25490 25501
  176: 24821 25473 25490
  177: 24897 25501 25546
  178: 24934 27010 27014
  179: 24967 26674 26773
  180: 24977 25247 25473
  181: 25043 25546 25676
  182: 25625 25676 25846
  183: 25632 26332 26434
  184: 25684 28375 28628
  185: 25697 25948 26166
  186: 26001 26166 26223
  187: 26125 26223 26332
  188: 26411 26929 26949
  189: 26662 26773 26780
  190: 26875 27123 27496
  191: 26887 27118 27123
  192: 26903 27695 28026
  193: 27218 27496 27695
  194: 27351 30621 30668
  195: 27469 28026 28375
  196: 28003 28895 28897
  197: 28089 28897 28945
  198: 28230 28945 29860
  199: 28293 28628 28895
  200: 28345 29931 29977
  201: 28434 30396 30485
  202: 28852 30668 30764
  203: 28997 32285 32288
  204: 29027 29860 29931
  205: 29032 32528 32595
  206: 29206 30485 30621
  207: 29208 32088 32285
  208: 29348 32403 32482
  209: 29371 30133 30396
  210: 29372 32077 32088
  211: 29720 32595 32641
  212: 29871 29977 30133
  213: 30308 31024 31227
  214: 30601 31227 31287
  215: 30636 30764 31024
  216: 30839 31287 32039
  217: 30906 32039 32077
  218: 31099 34395 34593
  219: 31205 32508 32528
  220: 31299 33001 33497
  221: 31632 34152 34239
  222: 31797 32482 32508
  223: 31851 32288 32334
  224: 31875 33497 33519
  225: 32146 32346 32403
  226: 32235 32334 32346
  227: 32341 32641 32953
  228: 32569 32953 33001
  229: 32744 34373 34395
  230: 32749 36013 36347
  231: 33044 35959 36013
  232: 33088 34593 35732
  233: 33178 33813 34056
  234: 33194 33519 33813
  235: 33402 35732 35910
  236: 33454 36415 36484
  237: 33518 34056 34152
  238: 34000 35910 35918
  239: 34011 34239 34373
  240: 34048 36347 36415
  241: 34871 35918 35959
  242: 35080 37284 37353
  243: 35189 36484 37264
  244: 35247 37891 37916
  245: 35411 37628 37659
  246: 35432 37268 37284
  247: 35446 37487 37593
  248: 35468 37264 37268
  249: 35634 37836 37891
  250: 36148 37353 37487
  251: 36527 37817 37836
  252: 36604 37659 37817
  253: 36708 37593 37628
  254: 37213 38694 38781
  255: 37315 37916 37998
  256: 37420 38466 38616
  257: 37750 37998 38180
  258: 37755 38347 38466
  259: 38040 38180 38347
  260: 38203 38616 38694
  261: 38401 38781 39231
  262: 38418 39231 39292
  263: 38454 40621 40740
  264: 38531 39292 39426
  265: 38634 40362 40472
  266: 38701 39855 40362
  267: 38863 39426 39663
  268: 39056 40748 40859
  269: 39085 39663 39828
  270: 39311 39828 39855
  271: 39670 40486 40621
  272: 39704 42293 42419
  273: 39840 40740 40748
  274: 39883 41356 41736
  275: 40026 42626 42662
  276: 40031 40472 40486
  277: 40238 40859 40965
  278: 40276 42662 42760
  279: 40350 41736 42091
  280: 40696 42467 42626
  281: 40704 41017 41356
  282: 40771 42239 42241
  283: 40784 40965 41017
  284: 41173 44028 44185
  285: 41432 42091 42239
  286: 42018 42241 42293
  287: 42026 44185 44343
  288: 42151 43303 43408
  289: 42238 42419 42467
  290: 42261 44529 44557
  291: 42485 44343 44374
  292: 42579 43408 43627
  293: 42637 43259 43303
  294: 42752 42760 43259
  295: 42820 43627 43810
  296: 42978 43810 43873
  297: 43181 44557 44646
  298: 43208 46307 46449
  299: 43235 44506 44529
  300: 43255 44646 44721
  301: 43518 44374 44506
  302: 43729 46513 46537
  303: 43784 43873 44028
  304: 43903 46183 46307
  305: 43936 46064 46183
  306: 44234 44721 44745
  307: 44571 45229 45466
  308: 44688 44978 45229
  309: 44700 44745 44978
  310: 45318 45466 45677
  311: 45443 45677 46064
  312: 45777 47446 47635
  313: 45954 48079 48174
  314: 45986 46449 46513
  315: 46015 47635 47657
  316: 46340 48211 48269
  317: 46427 46537 46985
  318: 46801 49671 49768
  319: 46805 46985 47337
  320: 46923 47657 47849
  321: 46958 47337 47446
  322: 46997 47849 48079
  323: 47229 49768 49815
  324: 47294 49918 49986
  325: 47656 48734 48924
  326: 47719 49189 49225
  327: 47721 48269 48734
  328: 47998 49267 49671
  329: 48057 48174 48211
  330: 48194 49242 49267
  331: 48266 49225 49242
  332: 48383 49815 49918
  333: 48413 48924 49189
  334: 48557 51151 51314
  335: 49182 51350 51359
  336: 49271 51314 51350
  337: 49418 49986 50347
  338: 49475 50365 50862
  339: 49577 50347 50357
  340: 49636 50862 50891
  341: 49645 50357 50365
  342: 50060 51359 51597
  343: 50531 52946 53038
  344: 50772 50891 51151
  345: 51057 52229 52301
  346: 51315 51597 51957
  347: 51752 51957 52229
  348: 51770 54567 54657
  349: 52085 52301 52946
  350: 52151 53107 53190
  351: 52614 53038 53107
  352: 52627 53190 53734
  353: 52740 54051 54104
  354: 52749 54812 54821
  355: 52768 54104 54144
  356: 52867 54519 54567
  357: 52882 53991 54051
  358: 52928 54763 54812
  359: 52970 54707 54763
  360: 53037 54657 54707
  361: 53144 54490 54519
  362: 53213 53937 53981
  363: 53349 53934 53937
  364: 53491 53734 53934
  365: 53535 54884 54939
  366: 53605 54159 54490
  367: 53870 53981 53991
  368: 54130 54144 54159
  369: 54462 56642 56729
  370: 54550 54821 54884
  371: 54602 56843 56855
  372: 54638 54939 55747
  373: 54714 55747 55932
  374: 54807 56109 56269
  375: 54936 56308 56642
  376: 55160 58470 58575
  377: 55171 58360 58470
  378: 55306 56269 56308
  379: 55472 58157 58337
  380: 55503 56729 56838
  381: 55544 55932 56109
  382: 55573 58577 58631
  383: 55583 58710 58776
  384: 55680 56855 56879
  385: 56055 56838 56843
  386: 56056 58358 58360
  387: 56421 58337 58358
  388: 56569 56879 58151
  389: 56760 58575 58577
  390: 56761 58151 58157
  391: 57353 60277 60332
  392: 57442 58670 58710
  393: 58049 58631 58670
  394: 58247 60042 60073
  395: 58303 60361 60625
  396: 58445 58776 59884
  397: 58557 60332 60361
  398: 58720 59930 59955
  399: 58988 62148 62170
  400: 59116 60270 60277
  401: 59137 59884 59930
  402: 59139 62355 62402
  403: 59401 59955 60042
  404: 59474 59884 59884
  405: 59695 61488 61697
  406: 60052 60073 60270
  407: 60088 61697 61758
  408: 60344 61931 62108
  409: 60433 60625 61353
  410: 60743 63782 63878
  411: 60854 61353 61488
  412: 60921 62170 62355
  413: 60980 62402 62409
  414: 61153 62108 62148
  415: 61192 61772 61931
  416: 61684 61758 61772
  417: 62017 64227 64256
  418: 62100 63460 63782
  419: 62247 63878 63982
  420: 62303 62788 63159
  421: 62346 62409 62788
  422: 62379 63159 63263
  423: 62522 66017 66130
  424: 62692 65947 66017
  425: 62835 63263 63460
  426: 63159 65740 65868
  427: 63175 65426 65672
  428: 63218 65203 65325
  429: 63276 63982 64227
  430: 63421 65003 65072
  431: 63465 64256 65003
  432: 63904 65868 65874
  433: 64032 65325 65426
  434: 64393 65720 65740
  435: 64433 65672 65720
  436: 64594 65072 65203
  437: 64693 67542 67812
  438: 65508 65874 65947
  439: 65895 67178 67430
  440: 65934 66819 67178
  441: 65981 66130 66317
  442: 66177 66317 66819
  443: 66253 69703 69729
  444: 66514 67430 67542
  445: 67093 68787 68793
  446: 67149 69187 69249
  447: 67163 69055 69187
  448: 67242 67897 68380
  449: 67406 68935 69055
  450: 67785 67812 67897
  451: 67916 68506 68540
  452: 67999 69483 69547
  453: 68097 68793 68878
  454: 68136 68878 68890
  455: 68157 68540 68787
  456: 68234 68380 68506
  457: 68433 71318 71351
  458: 68439 70720 71263
  459: 68590 71302 71318
  460: 68789 69249 69483
  461: 68808 69729 69742
  462: 68845 68890 68935
  463: 68926 71544 71566
  464: 68940 71263 71302
  465: 69211 69547 69703
  466: 69281 69742 70649
  467: 69371 70663 70720
  468: 69824 71517 71544
  469: 70016 72472 72682
  470: 70022 72884 73016
  471: 70094 70649 70663
  472: 70366 73053 73161
  473: 70413 71362 71517
  474: 70776 71566 71598
  475: 70943 71598 72117
  476: 70953 71351 71362
  477: 71117 72817 72861
  478: 71154 73161 73226
  479: 71190 72682 72817
  480: 71531 73226 73315
  481: 71593 72861 72866
  482: 71703 74798 74804
  483: 71930 72390 72472
  484: 72117 72117 72390
  485: 72434 74686 74718
  486: 72640 72866 72884
  487: 72680 74240 74399
  488: 72764 74200 74220
  489: 72867 73675 73900
  490: 72956 73016 73053
  491: 72962 74220 74240
  492: 72965 74533 74622
  493: 73229 73315 73675
  494: 73501 76749 76767
  495: 73625 74622 74686
  496: 73647 74887 75034
  497: 73656 74399 74533
  498: 73859 74804 74887
  499: 73888 73900 74145
  500: 73961 76742 76749
  501: 74006 76434 76565
  502: 74072 74145 74200
  503: 74294 74718 74798
  504: 74301 76138 76293
  505: 74330 75822 75874
  506: 74433 76293 76434
  507: 74441 75104 75822
  508: 74926 75034 75104
  509: 75155 78036 78268
  510: 75661 75874 76138
  511: 75786 76565 76667
  512: 75841 77535 77926
  513: 76074 76667 76742
  514: 76176 78463 78611
  515: 76297 78388 78463
  516: 76307 78268 78320
  517: 76320 77463 77516
  518: 76385 78363 78388
  519: 76428 76767 77463
  520: 76457 77516 77535
  521: 76845 77945 78036
  522: 77012 78611 78611
  523: 77052 77926 77945
  524: 77373 80462 80496
  525: 77466 78320 78363
  526: 77547 80133 80462
  527: 78176 79003 79082
  528: 78355 78611 79003
  529: 78615 80114 80133
  530: 78836 79451 79764
  531: 78859 82117 82121
  532: 78902 80063 80114
  533: 78954 79159 79333
  534: 78972 79333 79451
  535: 78979 79764 79972
  536: 78982 82147 82367
  537: 78984 79082 79159
  538: 79527 79972 80063
  539: 79594 82121 82147
  540: 79648 81898 82117
  541: 79842 81864 81898
  542: 80213 81836 81864
  543: 80314 81381 81685
  544: 80421 80496 81094
  545: 80717 83557 83695
  546: 80922 84280 84284
  547: 80951 84196 84280
  548: 80995 81094 81381
  549: 81148 83337 83557
  550: 81157 81685 81817
  551: 81329 83956 84152
  552: 81498 81817 81836
  553: 81735 82367 82985
  554: 82336 83742 83956
  555: 82450 83695 83731
  556: 82457 83731 83742
  557: 82465 86221 86270
  558: 82469 83210 83211
  559: 82608 82985 83210
  560: 82953 83211 83337
  561: 83261 85569 85667
  562: 83367 84152 84196
  563: 83541 85886 85902
  564: 83658 84325 85047
  565: 83687 85505 85569
  566: 83698 85944 86089
  567: 83880 85667 85864
  568: 84013 85073 85379
  569: 84098 85379 85505
  570: 84281 84284 84325
  571: 84607 85864 85864
  572: 84658 86092 86221
  573: 84858 87453 87554
  574: 84962 85047 85073
  575: 85290 87243 87365
  576: 85592 85864 85886
  577: 85608 87384 87409
  578: 85885 85902 85944
  579: 85917 87365 87384
  580: 85946 87422 87445
  581: 85953 87554 87702
  582: 85999 86270 86682
  583: 86004 86089 86092
  584: 86056 87098 87243
  585: 86151 88142 88163
  586: 86249 87445 87453
  587: 86484 89659 89705
  588: 86543 86682 87098
  589: 86564 89753 89820
  590: 86976 87997 88142
  591: 87025 89705 89753
  592: 87276 87421 87422
  593: 87314 89470 89475
  594: 87349 88163 88984
  595: 87365 87409 87421
  596: 87620 87702 87903
  597: 87776 87903 87997
  598: 88163 89475 89510
  599: 88202 91593 91605
  600: 88298 91391 91454
  601: 88468 89820 89858
  602: 88480 88984 89102
  603: 88515 89102 89396
  604: 88661 91808 91834
  605: 88789 89396 89470
  606: 88856 91136 91157
  607: 88959 89510 89659
  608: 89112 91544 91593
  609: 89127 91175 91371
  610: 89200 89962 89974
  611: 89292 91834 91861
  612: 89299 91157 91175
  613: 89512 91861 91883
  614: 89664 89974 90051
  615: 89778 89858 89962
  616: 89938 90051 91136
  617: 89940 91605 91648
  618: 90092 92915 93231
  619: 90336 93270 93384
  620: 90379 92801 92915
  621: 90397 93231 93270
  622: 90400 93593 93702
  623: 90460 91454 91544
  624: 90789 92788 92801
  625: 90901 91371 91391
  626: 90971 91909 91952
  627: 91038 92201 92788
  628: 91120 91648 91692
  629: 91219 91692 91808
  630: 91239 91883 91887
  631: 91243 93515 93516
  632: 91339 91887 91909
  633: 91934 91952 92201
  634: 92111 93384 93515
  635: 92427 93702 93849
  636: 92481 95582 95771
  637: 92634 95105 95117
  638: 92982 95771 95784
  639: 93102 93516 93533
  640: 93189 95508 95563
  641: 93207 93533 93593
  642: 93228 94654 94795
  643: 93276 94629 94632
  644: 93428 93849 94208
  645: 93590 94208 94219
  646: 93863 94219 94375
  647: 93992 95018 95105
  648: 94194 94375 94629
  649: 94291 94795 94853
  650: 94361 94853 95018
  651: 94445 97008 97186
  652: 94518 95563 95582
  653: 94525 95117 95161
  654: 94542 97002 97008
  655: 94562 94632 94654
  656: 94751 95161 95280
  657: 94828 97382 97528
  658: 95031 97186 97190
  659: 95119 96490 96606
  660: 95219 95280 95508
  661: 95252 96178 96490
  662: 95528 97336 97382
  663: 95702 96852 97002
  664: 95772 95784 96178
  665: 95785 97289 97336
  666: 95913 96673 96843
  667: 96009 97706 97764
  668: 96156 96843 96852
  669: 96210 97273 97289
  670: 96234 96606 96673
  671: 96291 97528 97563
  672: 96467 97190 97273
  673: 96680 97764 98814
  674: 96768 99273 99277
  675: 97080 97563 97706
  676: 97149 99498 99561
  677: 97205 99212 99273
  678: 97537 99561 99687
  679: 97814 99136 99167
  680: 97852 101509 101510
  681: 97863 101082 101282
  682: 97957 100488 100759
  683: 98209 99462 99498
  684: 98226 99314 99462
  685: 98538 99167 99212
  686: 98668 99277 99314
  687: 98694 98814 99136
  688: 99205 101282 101509
  689: 99421 99687 100488
  690: 99450 100761 100961
  691: 99523 100759 100761
  692: 99732 100966 101082
  693: 99971 100963 100966
  694: 100179 100961 100963
  695: 100676 103383 103387
  696: 100814 103190 103303
  697: 101075 103151 103190
  698: 101213 101935 102058
  699: 101251 101510 101935
  700: 101495 103077 103151
  701: 101496 102375 102562
  702: 101556 102777 103047
  703: 101743 102562 102760
  704: 101762 102058 102375
  705: 101963 102760 102777
  706: 101992 103047 103077
  707: 102300 105280 105286
  708: 102621 104700 104772
  709: 102764 104580 104700
  710: 102831 104573 104580
  711: 102990 105286 105363
  712: 103141 104285 104401
  713: 103156 103697 103925
  714: 103185 104019 104051
  715: 103186 103363 103383
  716: 103275 103303 103363
  717: 103355 104806 104999
  718: 103386 103387 103697
  719: 103407 103925 104019
  720: 103568 105099 105160
  721: 103712 104999 105099
  722: 103720 104401 104419
  723: 103966 105160 105280
  724: 104002 104051 104285
  725: 104140 104419 104573
  726: 104149 106520 106766
  727: 104279 104776 104806
  728: 104515 104772 104776
  729: 105257 107338 107355
  730: 105263 107303 107338
  731: 105264 105363 106335
  732: 105268 106430 106473
  733: 105324 106864 106900
  734: 105456 106371 106430
  735: 105570 106766 106790
  736: 105633 106940 106974
  737: 105655 106473 106520
  738: 105833 109237 109297
  739: 105899 109219 109237
  740: 105978 109336 109343
  741: 106089 106335 106371
  742: 106137 107038 107069
  743: 106170 107132 107153
  744: 106436 106900 106940
  745: 106451 109013 109135
  746: 106485 107069 107132
  747: 106558 106790 106864
  748: 106672 108746 108808
  749: 106763 106974 107038
  750: 106793 107153 107303
  751: 106876 107355 108452
  752: 106910 108452 108533
  753: 107390 109135 109219
  754: 107507 110513 110650
  755: 107802 109297 109336
  756: 107860 110341 110494
  757: 107954 108533 108608
  758: 108071 108608 108746
  759: 108256 110494 110513
  760: 108588 108808 109013
  761: 108638 111060 111089
  762: 109039 109651 109929
  763: 109104 110094 110341
  764: 109183 109343 109651
  765: 109334 109929 110094
  766: 109620 111089 111138
  767: 109646 111138 111162
  768: 109811 110993 111060
  769: 109813 110679 110835
  770: 109905 112740 112777
  771: 109944 112442 112619
  772: 109997 112161 112442
  773: 110079 112619 112740
  774: 110157 110835 110993
  775: 110204 110650 110679
  776: 111074 111162 112161
SUM: 112777 112776 1.0000 1495.19 1350.05 3756
