    0:     1     1  1740
    1:   122  1740  2466
    2:   251  2466  2658
    3:   500  2658  3456
    4:   663  3456  4345
    5:   812  4345  5037
    6:   873  5037  6107
    7:   911  6107  6269
    8:  1124  6269  7019
    9:  1505  7019  8375
   10:  1577  8375  8490
   11:  1741  8490  9177
   12:  1794  9177  9733
   13:  2087  9733 11427
   14:  2089 11427 12142
   15:  2135 12142 12775
   16:  2157 12775 14253
   17:  2229 14253 15444
   18:  2428 15444 16486
   19:  2853 16486 16910
   20:  3146 16910 17240
   21:  3226 17240 17992
   22:  3235 17992 18873
   23:  3366 18873 19217
   24:  3443 19217 19820
   25:  3790 19820 20381
   26:  3905 20381 20817
   27:  3933 20817 21356
   28:  4096 21356 22986
   29:  4325 22986 24282
   30:  4465 24282 25524
   31:  4592 25524 26912
   32:  4629 26912 27340
   33:  4734 27340 27350
   34:  4768 27350 28373
   35:  4845 28373 29141
   36:  4856 29141 30671
   37:  4909 30671 32103
   38:  5013 32103 33664
   39:  5536 33664 33710
   40:  5622 33710 33813
   41:  5824 33813 35570
   42:  5919 35570 37427
   43:  6220 37427 38959
   44:  6904 38959 39974
   45:  7199 39974 40096
   46:  7403 40096 40400
   47:  7474 40400 41449
   48:  7561 41449 41600
   49:  8092 41600 42088
   50:  8162 42088 42636
   51:  8365 42636 42770
   52:  8406 42770 43550
   53:  8537 43550 44946
   54:  9247 44946 45335
   55:  9426 45335 45592
   56:  9516 45592 45642
   57:  9604 45642 46610
   58:  9680 46610 47845
   59:  9700 47845 47979
   60:  9703 47979 48778
   61:  9707 48778 50330
   62:  9799 50330 51051
   63: 10013 51051 52072
   64: 10072 52072 52430
   65: 10205 52430 52476
   66: 10229 52476 53201
   67: 10260 53201 53278
   68: 10344 53278 54065
   69: 10373 54065 54787
   70: 10441 54787 55702
   71: 10758 55702 55795
   72: 10825 55795 56791
   73: 11064 56791 57666
   74: 11234 57666 57975
   75: 11266 57975 58426
   76: 11712 58426 59403
   77: 11813 59403 59808
   78: 11966 59808 60103
   79: 12032 60103 60674
   80: 12038 60674 62631
   81: 12227 62631 64189
   82: 12289 64189 65658
   83: 12423 65658 65931
   84: 12615 65931 65939
   85: 12654 65939 67281
   86: 12824 67281 67305
   87: 13366 67305 67429
   88: 13462 67429 68865
   89: 13749 68865 70070
   90: 13941 70070 70308
   91: 14287 70308 71563
   92: 14338 71563 72117
   93: 14358 72117 73199
   94: 14534 73199 74109
   95: 15014 74109 74606
   96: 15110 74606 74712
   97: 15563 74712 74992
   98: 15709 74992 75535
   99: 15856 75535 75912
  100: 15921 75912 76921
  101: 16022 76921 78562
  102: 16025 78562 79403
  103: 16047 79403 79464
  104: 16094 79464 80478
  105: 16270 80478 80504
  106: 16282 80504 81701
  107: 16465 81701 82171
  108: 16471 82171 83115
  109: 16532 83115 83321
  110: 16597 83321 84196
  111: 16700 84196 85275
  112: 16703 85275 86043
  113: 16876 86043 86426
  114: 16883 86426 87059
  115: 16890 87059 87194
  116: 16929 87194 87478
  117: 17023 87478 88065
  118: 17030 88065 88790
  119: 17248 88790 89385
  120: 17393 89385 89714
  121: 17455 89714 90170
  122: 17473 90170 91456
  123: 17490 91456 91628
  124: 17891 91628 92225
  125: 18258 92225 92533
  126: 18476 92533 92791
  127: 18502 92791 93530
  128: 18853 93530 93661
  129: 18945 93661 93838
  130: 18981 93838 94709
  131: 19049 94709 94834
  132: 19062 94834 95639
  133: 19249 95639 97099
  134: 19347 97099 97859
  135: 19437 97859 98617
  136: 19439 98617 99989
  137: 19722 99989 101370
  138: 20058 101370 103052
  139: 20109 103052 103307
  140: 20192 103307 104549
  141: 20216 104549 104551
  142: 20372 104551 104758
  143: 20377 104758 105263
  144: 20410 105263 105398
  145: 20523 105398 105563
  146: 20529 105563 106557
  147: 20856 106557 108149
  148: 21085 108149 109145
  149: 21130 109145 109812
  150: 21153 109812 110698
  151: 21235 110698 111849
  152: 21354 111849 112121
  153: 21405 112121 112467
  154: 21451 112467 112722
  155: 21507 112722 112959
  156: 21760 112959 113433
  157: 22185 113433 113462
  158: 22426 113462 114441
  159: 22438 114441 116368
  160: 22538 116368 117584
  161: 22625 117584 117745
  162: 22744 117745 118128
  163: 22910 118128 118140
  164: 23641 118140 119328
  165: 23797 119328 120955
  166: 23971 120955 121036
  167: 24024 121036 121372
  168: 24099 121372 122055
  169: 24297 122055 122202
  170: 24332 122202 123427
  171: 24408 123427 123476
  172: 24526 123476 124099
  173: 24640 124099 124132
  174: 24702 124132 124646
  175: 24776 124646 125093
  176: 24821 125093 125104
  177: 24897 125104 125160
  178: 24934 125160 126628
  179: 24967 126628 126869
  180: 24977 126869 128169
  181: 25043 128169 128372
  182: 25625 128372 128542
  183: 25632 128542 129130
  184: 25684 129130 129946
  185: 25697 129946 130494
  186: 26001 130494 130551
  187: 26125 130551 130660
  188: 26411 130660 131277
  189: 26662 131277 131446
  190: 26875 131446 131476
  191: 26887 131476 131849
  192: 26903 131849 132752
  193: 27218 132752 133083
  194: 27351 133083 133556
  195: 27469 133556 134709
  196: 28003 134709 135231
  197: 28089 135231 135279
  198: 28230 135279 136194
  199: 28293 136194 137059
  200: 28345 137059 138041
  201: 28434 138041 138549
  202: 28852 138549 138828
  203: 28997 138828 140352
  204: 29027 140352 141043
  205: 29032 141043 142041
  206: 29206 142041 143729
  207: 29208 143729 145107
  208: 29348 145107 145304
  209: 29371 145304 146654
  210: 29372 146654 147610
  211: 29720 147610 148163
  212: 29871 148163 149409
  213: 30308 149409 149577
  214: 30601 149577 149637
  215: 30636 149637 149900
  216: 30839 149900 150915
  217: 30906 150915 150953
  218: 31099 150953 152341
  219: 31205 152341 154180
  220: 31299 154180 154923
  221: 31632 154923 155665
  222: 31797 155665 157130
  223: 31851 157130 157304
  224: 31875 157304 157875
  225: 32146 157875 158515
  226: 32235 158515 158572
  227: 32341 158572 158589
  228: 32569 158589 158637
  229: 32744 158637 160031
  230: 32749 160031 161587
  231: 33044 161587 161921
  232: 33088 161921 162202
  233: 33178 162202 162804
  234: 33194 162804 163047
  235: 33402 163047 163584
  236: 33454 163584 164158
  237: 33518 164158 165608
  238: 34000 165608 166492
  239: 34011 166492 167597
  240: 34048 167597 169199
  241: 34871 169199 169655
  242: 35080 169655 169999
  243: 35189 169999 170088
  244: 35247 170088 170740
  245: 35411 170740 170997
  246: 35432 170997 171372
  247: 35446 171372 171681
  248: 35468 171681 172006
  249: 35634 172006 172629
  250: 36148 172629 173033
  251: 36527 173033 173382
  252: 36604 173382 173401
  253: 36708 173401 173590
  254: 37213 173590 174003
  255: 37315 174003 174786
  256: 37420 174786 175404
  257: 37750 175404 175840
  258: 37755 175840 176126
  259: 38040 176126 176245
  260: 38203 176245 176592
  261: 38401 176592 177129
  262: 38418 177129 177190
  263: 38454 177190 178370
  264: 38531 178370 179684
  265: 38634 179684 180730
  266: 38701 180730 180840
  267: 38863 180840 181539
  268: 39056 181539 182735
  269: 39085 182735 183766
  270: 39311 183766 183793
  271: 39670 183793 184559
  272: 39704 184559 185565
  273: 39840 185565 186698
  274: 39883 186698 187148
  275: 40026 187148 188074
  276: 40031 188074 189188
  277: 40238 189188 189667
  278: 40276 189667 191358
  279: 40350 191358 192027
  280: 40696 192027 192562
  281: 40704 192562 193832
  282: 40771 193832 194717
  283: 40784 194717 195941
  284: 41173 195941 196259
  285: 41432 196259 197163
  286: 42018 197163 197217
  287: 42026 197217 198333
  288: 42151 198333 199268
  289: 42238 199268 199623
  290: 42261 199623 201127
  291: 42485 201127 201310
  292: 42579 201310 202057
  293: 42637 202057 202381
  294: 42752 202381 202425
  295: 42820 202425 202976
  296: 42978 202976 203039
  297: 43181 203039 203812
  298: 43208 203812 205417
  299: 43235 205417 206905
  300: 43255 206905 207097
  301: 43518 207097 207312
  302: 43729 207312 208865
  303: 43784 208865 209940
  304: 43903 209940 210785
  305: 43936 210785 210909
  306: 44234 210909 212347
  307: 44571 212347 213068
  308: 44688 213068 213305
  309: 44700 213305 213556
  310: 45318 213556 214255
  311: 45443 214255 214642
  312: 45777 214642 215267
  313: 45954 215267 215806
  314: 45986 215806 217419
  315: 46015 217419 218515
  316: 46340 218515 219127
  317: 46427 219127 220411
  318: 46801 220411 220626
  319: 46805 220626 221193
  320: 46923 221193 221705
  321: 46958 221705 222108
  322: 46997 222108 222741
  323: 47229 222741 224097
  324: 47294 224097 224268
  325: 47656 224268 225330
  326: 47719 225330 225631
  327: 47721 225631 226122
  328: 47998 226122 227059
  329: 48057 227059 228403
  330: 48194 228403 229343
  331: 48266 229343 229368
  332: 48383 229368 230044
  333: 48413 230044 230773
  334: 48557 230773 231304
  335: 49182 231304 231349
  336: 49271 231349 231358
  337: 49418 231358 232361
  338: 49475 232361 232876
  339: 49577 232876 233381
  340: 49636 233381 233915
  341: 49645 233915 234441
  342: 50060 234441 235673
  343: 50531 235673 237114
  344: 50772 237114 238109
  345: 51057 238109 238367
  346: 51315 238367 238711
  347: 51752 238711 238983
  348: 51770 238983 239489
  349: 52085 239489 240712
  350: 52151 240712 240956
  351: 52614 240956 241039
  352: 52627 241039 241500
  353: 52740 241500 241870
  354: 52749 241870 242587
  355: 52768 242587 243264
  356: 52867 243264 243687
  357: 52882 243687 244203
  358: 52928 244203 244964
  359: 52970 244964 245013
  360: 53037 245013 245069
  361: 53144 245069 245257
  362: 53213 245257 245795
  363: 53349 245795 245839
  364: 53491 245839 245842
  365: 53535 245842 246847
  366: 53605 246847 247296
  367: 53870 247296 247795
  368: 54130 247795 247963
  369: 54462 247963 248973
  370: 54550 248973 250708
  371: 54602 250708 252569
  372: 54638 252569 253677
  373: 54714 253677 253862
  374: 54807 253862 254199
  375: 54936 254199 254572
  376: 55160 254572 256031
  377: 55171 256031 256136
  378: 55306 256136 257156
  379: 55472 257156 258043
  380: 55503 258043 259460
  381: 55544 259460 260189
  382: 55573 260189 261171
  383: 55583 261171 261316
  384: 55680 261316 263213
  385: 56055 263213 263249
  386: 56056 263249 264694
  387: 56421 264694 264696
  388: 56569 264696 264903
  389: 56760 264903 265329
  390: 56761 265329 265749
  391: 57353 265749 266686
  392: 57442 266686 268176
  393: 58049 268176 268216
  394: 58247 268216 269407
  395: 58303 269407 269959
  396: 58445 269959 270700
  397: 58557 270700 271177
  398: 58720 271177 271583
  399: 58988 271583 272458
  400: 59116 272458 273655
  401: 59137 273655 274002
  402: 59139 274002 275084
  403: 59401 275084 276278
  404: 59474 276278 276436
  405: 59695 276436 276767
  406: 60052 276767 277484
  407: 60088 277484 278262
  408: 60344 278262 278612
  409: 60433 278612 279367
  410: 60743 279367 279780
  411: 60854 279780 280328
  412: 60921 280328 281195
  413: 60980 281195 281249
  414: 61153 281249 281510
  415: 61192 281510 281727
  416: 61684 281727 281886
  417: 62017 281886 283096
  418: 62100 283096 283570
  419: 62247 283570 283770
  420: 62303 283770 284593
  421: 62346 284593 284964
  422: 62379 284964 285439
  423: 62522 285439 286320
  424: 62692 286320 286433
  425: 62835 286433 287398
  426: 63159 287398 288214
  427: 63175 288214 288410
  428: 63218 288410 288757
  429: 63276 288757 289797
  430: 63421 289797 290584
  431: 63465 290584 290653
  432: 63904 290653 291524
  433: 64032 291524 291972
  434: 64393 291972 292286
  435: 64433 292286 292306
  436: 64594 292306 292823
  437: 64693 292823 293578
  438: 65508 293578 295077
  439: 65895 295077 296194
  440: 65934 296194 296446
  441: 65981 296446 297307
  442: 66177 297307 297809
  443: 66253 297809 298563
  444: 66514 298563 300040
  445: 67093 300040 300581
  446: 67149 300581 301037
  447: 67163 301037 301099
  448: 67242 301099 301906
  449: 67406 301906 302581
  450: 67785 302581 303739
  451: 67916 303739 304382
  452: 67999 304382 305389
  453: 68097 305389 306058
  454: 68136 306058 306070
  455: 68157 306070 306173
  456: 68234 306173 306454
  457: 68433 306454 306827
  458: 68439 306827 306915
  459: 68590 306915 306970
  460: 68789 306970 308287
  461: 68808 308287 308546
  462: 68845 308546 309353
  463: 68926 309353 310370
  464: 68940 310370 310634
  465: 69211 310634 312155
  466: 69281 312155 313023
  467: 69371 313023 313094
  468: 69824 313094 313918
  469: 70016 313918 314948
  470: 70022 314948 315282
  471: 70094 315282 315765
  472: 70366 315765 316393
  473: 70413 316393 317875
  474: 70776 317875 317956
  475: 70943 317956 318475
  476: 70953 318475 318758
  477: 71117 318758 319785
  478: 71154 319785 320150
  479: 71190 320150 320559
  480: 71531 320559 321057
  481: 71593 321057 321506
  482: 71703 321506 322546
  483: 71930 322546 323192
  484: 72117 323192 323274
  485: 72434 323274 323752
  486: 72640 323752 324724
  487: 72680 324724 325377
  488: 72764 325377 325556
  489: 72867 325556 325876
  490: 72956 325876 326199
  491: 72962 326199 326862
  492: 72965 326862 327244
  493: 73229 327244 328191
  494: 73501 328191 328565
  495: 73625 328565 329950
  496: 73647 329950 330298
  497: 73656 330298 330799
  498: 73859 330799 331153
  499: 73888 331153 331895
  500: 73961 331895 332721
  501: 74006 332721 332905
  502: 74072 332905 333602
  503: 74294 333602 334200
  504: 74301 334200 335223
  505: 74330 335223 335642
  506: 74433 335642 336202
  507: 74441 336202 336814
  508: 74926 336814 337532
  509: 75155 337532 337694
  510: 75661 337694 338566
  511: 75786 338566 339095
  512: 75841 339095 340154
  513: 76074 340154 341288
  514: 76176 341288 343107
  515: 76297 343107 343255
  516: 76307 343255 343398
  517: 76320 343398 344202
  518: 76385 344202 345074
  519: 76428 345074 345999
  520: 76457 345999 346071
  521: 76845 346071 346572
  522: 77012 346572 347147
  523: 77052 347147 347813
  524: 77373 347813 349032
  525: 77466 349032 350669
  526: 77547 350669 352272
  527: 78176 352272 353652
  528: 78355 353652 353731
  529: 78615 353731 354861
  530: 78836 354861 355230
  531: 78859 355230 356123
  532: 78902 356123 357366
  533: 78954 357366 358147
  534: 78972 358147 358265
  535: 78979 358265 358786
  536: 78982 358786 360133
  537: 78984 360133 360667
  538: 79527 360667 361571
  539: 79594 361571 362789
  540: 79648 362789 362819
  541: 79842 362819 363038
  542: 80213 363038 363072
  543: 80314 363072 363251
  544: 80421 363251 363842
  545: 80717 363842 363897
  546: 80922 363897 364486
  547: 80951 364486 364490
  548: 80995 364490 365417
  549: 81148 365417 365621
  550: 81157 365621 366261
  551: 81329 366261 367496
  552: 81498 367496 368750
  553: 81735 368750 368837
  554: 82336 368837 369808
  555: 82450 369808 370033
  556: 82457 370033 370044
  557: 82465 370044 371406
  558: 82469 371406 372237
  559: 82608 372237 372238
  560: 82953 372238 372365
  561: 83261 372365 372719
  562: 83367 372719 373932
  563: 83541 373932 375380
  564: 83658 375380 376235
  565: 83687 376235 376757
  566: 83698 376757 377277
  567: 83880 377277 377502
  568: 84013 377502 377987
  569: 84098 377987 378113
  570: 84281 378113 379293
  571: 84607 379293 380832
  572: 84658 380832 381189
  573: 84858 381189 382424
  574: 84962 382424 382511
  575: 85290 382511 382613
  576: 85592 382613 383324
  577: 85608 383324 384079
  578: 85885 384079 384892
  579: 85917 384892 385680
  580: 85946 385680 385741
  581: 85953 385741 385998
  582: 85999 385998 387018
  583: 86004 387018 387252
  584: 86056 387252 388047
  585: 86151 388047 388967
  586: 86249 388967 389677
  587: 86484 389677 390509
  588: 86543 390509 390986
  589: 86564 390986 391578
  590: 86976 391578 393214
  591: 87025 393214 394783
  592: 87276 394783 395632
  593: 87314 395632 396203
  594: 87349 396203 396694
  595: 87365 396694 396773
  596: 87620 396773 397255
  597: 87776 397255 397349
  598: 88163 397349 398530
  599: 88202 398530 399543
  600: 88298 399543 399694
  601: 88468 399694 400904
  602: 88480 400904 401660
  603: 88515 401660 401954
  604: 88661 401954 403082
  605: 88789 403082 404284
  606: 88856 404284 404809
  607: 88959 404809 405523
  608: 89112 405523 406673
  609: 89127 406673 406895
  610: 89200 406895 408138
  611: 89292 408138 409871
  612: 89299 409871 410557
  613: 89512 410557 411265
  614: 89664 411265 413097
  615: 89778 413097 413186
  616: 89938 413186 414182
  617: 89940 414182 414694
  618: 90092 414694 415669
  619: 90336 415669 415822
  620: 90379 415822 416291
  621: 90397 416291 416646
  622: 90400 416646 417078
  623: 90460 417078 418420
  624: 90789 418420 418861
  625: 90901 418861 419149
  626: 90971 419149 419710
  627: 91038 419710 420546
  628: 91120 420546 421122
  629: 91219 421122 421238
  630: 91239 421238 421317
  631: 91243 421317 422816
  632: 91339 422816 424337
  633: 91934 424337 424543
  634: 92111 424543 425857
  635: 92427 425857 426191
  636: 92481 426191 428113
  637: 92634 428113 428767
  638: 92982 428767 429434
  639: 93102 429434 431053
  640: 93189 431053 432451
  641: 93207 432451 433909
  642: 93228 433909 434599
  643: 93276 434599 434762
  644: 93428 434762 435186
  645: 93590 435186 435197
  646: 93863 435197 435353
  647: 93992 435353 436083
  648: 94194 436083 436559
  649: 94291 436559 436783
  650: 94361 436783 436948
  651: 94445 436948 437584
  652: 94518 437584 438784
  653: 94525 438784 439205
  654: 94542 439205 439806
  655: 94562 439806 439900
  656: 94751 439900 440526
  657: 94828 440526 441766
  658: 95031 441766 442104
  659: 95119 442104 442688
  660: 95219 442688 443234
  661: 95252 443234 443664
  662: 95528 443664 444556
  663: 95702 444556 444936
  664: 95772 444936 445760
  665: 95785 445760 446918
  666: 95913 446918 447411
  667: 96009 447411 448332
  668: 96156 448332 449244
  669: 96210 449244 449681
  670: 96234 449681 450297
  671: 96291 450297 451187
  672: 96467 451187 451477
  673: 96680 451477 452036
  674: 96768 452036 452499
  675: 97080 452499 453954
  676: 97149 453954 455693
  677: 97205 455693 455981
  678: 97537 455981 456395
  679: 97814 456395 456915
  680: 97852 456915 458218
  681: 97863 458218 458446
  682: 97957 458446 458969
  683: 98209 458969 459852
  684: 98226 459852 459888
  685: 98538 459888 460138
  686: 98668 460138 460240
  687: 98694 460240 460418
  688: 99205 460418 461689
  689: 99421 461689 462710
  690: 99450 462710 463183
  691: 99523 463183 463383
  692: 99732 463383 463704
  693: 99971 463704 463820
  694: 100179 463820 463823
  695: 100676 463823 465153
  696: 100814 465153 465237
  697: 101075 465237 465350
  698: 101213 465350 466482
  699: 101251 466482 466605
  700: 101495 466605 467821
  701: 101496 467821 468410
  702: 101556 468410 468895
  703: 101743 468895 469182
  704: 101762 469182 469567
  705: 101963 469567 469969
  706: 101992 469969 470269
  707: 102300 470269 471858
  708: 102621 471858 472372
  709: 102764 472372 472444
  710: 102831 472444 472564
  711: 102990 472564 473347
  712: 103141 473347 474309
  713: 103156 474309 474785
  714: 103185 474785 474911
  715: 103186 474911 475571
  716: 103275 475571 475591
  717: 103355 475591 477179
  718: 103386 477179 478481
  719: 103407 478481 478803
  720: 103568 478803 479944
  721: 103712 479944 480005
  722: 103720 480005 480685
  723: 103966 480685 481546
  724: 104002 481546 482541
  725: 104140 482541 482829
  726: 104149 482829 483442
  727: 104279 483442 484288
  728: 104515 484288 484318
  729: 105257 484318 485723
  730: 105263 485723 485740
  731: 105264 485740 486743
  732: 105268 486743 486881
  733: 105324 486881 487308
  734: 105456 487308 487778
  735: 105570 487778 488138
  736: 105633 488138 488322
  737: 105655 488322 488776
  738: 105833 488776 489883
  739: 105899 489883 489943
  740: 105978 489943 490049
  741: 106089 490049 491053
  742: 106137 491053 491751
  743: 106170 491751 491835
  744: 106436 491835 492048
  745: 106451 492048 493413
  746: 106485 493413 494970
  747: 106558 494970 495238
  748: 106672 495238 496200
  749: 106763 496200 497336
  750: 106793 497336 497601
  751: 106876 497601 498646
  752: 106910 498646 498727
  753: 107390 498727 499413
  754: 107507 499413 500596
  755: 107802 500596 501896
  756: 107860 501896 503040
  757: 107954 503040 503456
  758: 108071 503456 503594
  759: 108256 503594 504167
  760: 108588 504167 505007
  761: 108638 505007 506423
  762: 109039 506423 507583
  763: 109104 507583 507995
  764: 109183 507995 508685
  765: 109334 508685 509128
  766: 109620 509128 510172
  767: 109646 510172 510196
  768: 109811 510196 510298
  769: 109813 510298 510523
  770: 109905 510523 511811
  771: 109944 511811 511969
  772: 109997 511969 512146
  773: 110079 512146 512444
  774: 110157 512444 513853
  775: 110204 513853 514167
  776: 111074 514167 514683
SUM: 514683 514682 1.0000 206477.37 205814.98 403649
