    0:     1     1  1740
    1:   122  2334  2466
    2:   251  2183  2274
    3:   500  3030  3072
    4:   663  1973  2183
    5:   812  5386  5397
    6:   873  2466  2561
    7:   911  2561  2723
    8:  1124  1740  1973
    9:  1505  3313  3329
   10:  1577  3329  3444
   11:  1741  2723  2757
   12:  1794  3179  3313
   13:  2087  5244  5269
   14:  2089  2274  2334
   15:  2135  5146  5187
   16:  2157  3072  3179
   17:  2229  4812  4900
   18:  2428  2757  3030
   19:  2853  3860  4282
   20:  3146  4607  4612
   21:  3226  3444  3860
   22:  3235  4612  4741
   23:  3366  5043  5085
   24:  3443  4282  4482
   25:  3790  4958  5043
   26:  3905  4482  4607
   27:  3933  5115  5146
   28:  4096  7224  7278
   29:  4325  4741  4812
   30:  4465  7209  7224
   31:  4592  4900  4958
   32:  4629  5376  5386
   33:  4734  5269  5376
   34:  4768  5397  6441
   35:  4845  7111  7209
   36:  4856  5085  5115
   37:  4909  7039  7111
   38:  5013  5187  5244
   39:  5536  9221  9224
   40:  5622  8890  9121
   41:  5824  7278  7364
   42:  5919  9176  9221
   43:  6220  6441  7039
   44:  6904  8688  8704
   45:  7199  7364  8582
   46:  7403 10360 10376
   47:  7474  9224  9327
   48:  7561  9121  9176
   49:  8092  8582  8688
   50:  8162 10493 10514
   51:  8365 10376 10380
   52:  8406 10627 11160
   53:  8537  8704  8890
   54:  9247  9327 10153
   55:  9426 10380 10410
   56:  9516 10153 10360
   57:  9604 14577 14602
   58:  9680 10569 10627
   59:  9700 10492 10493
   60:  9703 11160 11292
   61:  9707 14196 14254
   62:  9799 10427 10461
   63: 10013 14482 14554
   64: 10072 14150 14196
   65: 10205 14126 14150
   66: 10229 10514 10569
   67: 10260 10461 10492
   68: 10344 14283 14289
   69: 10373 10410 10427
   70: 10441 14389 14482
   71: 10758 14289 14389
   72: 10825 11292 11983
   73: 11064 14254 14268
   74: 11234 14556 14577
   75: 11266 13554 14126
   76: 11712 12117 12227
   77: 11813 12957 13554
   78: 11966 11983 12117
   79: 12032 12289 12688
   80: 12038 14609 14645
   81: 12227 12227 12289
   82: 12289 14554 14556
   83: 12423 14275 14283
   84: 12615 14269 14275
   85: 12654 12688 12933
   86: 12824 12933 12957
   87: 13366 18950 18961
   88: 13462 14268 14269
   89: 13749 18579 18730
   90: 13941 18961 18968
   91: 14287 14645 15209
   92: 14338 15949 16249
   93: 14358 14602 14609
   94: 14534 15324 15821
   95: 15014 15218 15324
   96: 15110 15209 15218
   97: 15563 17073 17246
   98: 15709 15821 15949
   99: 15856 16249 16326
  100: 15921 17279 17335
  101: 16022 18968 18976
  102: 16025 16326 16535
  103: 16047 16535 16596
  104: 16094 19062 19088
  105: 16270 18976 19062
  106: 16282 16596 16805
  107: 16465 18276 18335
  108: 16471 17277 17279
  109: 16532 16805 17073
  110: 16597 18449 18472
  111: 16700 17246 17277
  112: 16703 18120 18161
  113: 16876 17335 17778
  114: 16883 18335 18411
  115: 16890 18181 18276
  116: 16929 17854 17992
  117: 17023 18489 18579
  118: 17030 17778 17854
  119: 17248 18411 18449
  120: 17393 17992 18120
  121: 17455 20121 20512
  122: 17473 18778 18950
  123: 17490 18730 18778
  124: 17891 18161 18181
  125: 18258 18472 18489
  126: 18476 19088 19945
  127: 18502 20512 20684
  128: 18853 20801 20815
  129: 18945 20927 20992
  130: 18981 20101 20121
  131: 19049 19945 19996
  132: 19062 20761 20801
  133: 19249 23595 23597
  134: 19347 19996 20101
  135: 19437 23539 23595
  136: 19439 20684 20715
  137: 19722 23603 23604
  138: 20058 20992 21016
  139: 20109 20715 20761
  140: 20192 23417 23419
  141: 20216 23138 23417
  142: 20372 22733 22938
  143: 20377 21016 21799
  144: 20410 22116 22568
  145: 20523 22649 22733
  146: 20529 20815 20927
  147: 20856 23597 23603
  148: 21085 21838 21897
  149: 21130 22995 23002
  150: 21153 22075 22116
  151: 21235 23419 23539
  152: 21354 22938 22995
  153: 21405 22631 22649
  154: 21451 21799 21838
  155: 21507 21897 22075
  156: 21760 22602 22631
  157: 22185 22568 22602
  158: 22426 27848 27903
  159: 22438 23604 23822
  160: 22538 27159 27192
  161: 22625 26984 27031
  162: 22744 23002 23126
  163: 22910 23126 23138
  164: 23641 27677 27848
  165: 23797 23822 24067
  166: 23971 24067 24148
  167: 24024 24148 24484
  168: 24099 27031 27159
  169: 24297 27304 27306
  170: 24332 24484 24879
  171: 24408 24879 24928
  172: 24526 24928 25551
  173: 24640 25551 25584
  174: 24702 27192 27202
  175: 24776 27604 27649
  176: 24821 27649 27660
  177: 24897 27532 27604
  178: 24934 25895 26136
  179: 24967 25584 25895
  180: 24977 27660 27677
  181: 25043 27306 27474
  182: 25625 27202 27304
  183: 25632 26136 26716
  184: 25684 27474 27532
  185: 25697 26930 26984
  186: 26001 26818 26927
  187: 26125 26716 26818
  188: 26411 29497 29605
  189: 26662 29408 29436
  190: 26875 29207 29406
  191: 26887 29776 29779
  192: 26903 26927 26930
  193: 27218 28989 29207
  194: 27351 29633 29680
  195: 27469 27903 28527
  196: 28003 33411 33413
  197: 28089 33413 33461
  198: 28230 28527 28872
  199: 28293 33406 33411
  200: 28345 28872 28989
  201: 28434 29436 29497
  202: 28852 29680 29776
  203: 28997 33163 33166
  204: 29027 29779 30615
  205: 29032 33464 33479
  206: 29206 29605 29633
  207: 29208 33159 33163
  208: 29348 33321 33360
  209: 29371 29406 29408
  210: 29372 32955 32966
  211: 29720 33479 33525
  212: 29871 30615 30817
  213: 30308 30925 30985
  214: 30601 30817 30925
  215: 30636 30985 31188
  216: 30839 32641 32917
  217: 30906 32917 32955
  218: 31099 31188 31523
  219: 31205 33386 33406
  220: 31299 31523 32619
  221: 31632 35036 35123
  222: 31797 33360 33386
  223: 31851 33207 33212
  224: 31875 32619 32641
  225: 32146 33224 33281
  226: 32235 33212 33224
  227: 32341 33166 33207
  228: 32569 32966 33159
  229: 32744 35257 35279
  230: 32749 33281 33321
  231: 33044 33525 34057
  232: 33088 34160 34338
  233: 33178 34697 34940
  234: 33194 34338 34697
  235: 33402 34152 34160
  236: 33454 33461 33464
  237: 33518 34940 35036
  238: 34000 34057 34152
  239: 34011 35123 35257
  240: 34048 40118 40135
  241: 34871 37082 37701
  242: 35080 35863 36103
  243: 35189 36188 36192
  244: 35247 35279 35540
  245: 35411 35540 35797
  246: 35432 36103 36172
  247: 35446 35797 35863
  248: 35468 36172 36188
  249: 35634 36415 36819
  250: 36148 36192 36415
  251: 36527 36819 36874
  252: 36604 36874 36893
  253: 36708 36893 37082
  254: 37213 37701 37907
  255: 37315 38576 38690
  256: 37420 37907 38072
  257: 37750 38341 38508
  258: 37755 38072 38222
  259: 38040 38222 38341
  260: 38203 39182 39386
  261: 38401 39881 39923
  262: 38418 39929 39984
  263: 38454 38508 38576
  264: 38531 39984 40118
  265: 38634 38690 39072
  266: 38701 39072 39182
  267: 38863 39716 39881
  268: 39056 41548 41659
  269: 39085 39689 39716
  270: 39311 39386 39689
  271: 39670 41286 41421
  272: 39704 39923 39929
  273: 39840 41499 41548
  274: 39883 40172 41098
  275: 40026 40135 40172
  276: 40031 41098 41286
  277: 40238 41659 41765
  278: 40276 43426 43560
  279: 40350 41817 42891
  280: 40696 43279 43426
  281: 40704 41421 41478
  282: 40771 43039 43041
  283: 40784 41765 41817
  284: 41173 41478 41499
  285: 41432 43017 43039
  286: 42018 43061 43093
  287: 42026 45061 45143
  288: 42151 42891 42912
  289: 42238 43093 43267
  290: 42261 45329 45357
  291: 42485 45143 45174
  292: 42579 43560 44427
  293: 42637 42912 43017
  294: 42752 43041 43061
  295: 42820 44427 44610
  296: 42978 44610 44673
  297: 43181 45357 45446
  298: 43208 43267 43279
  299: 43235 45312 45329
  300: 43255 45446 45521
  301: 43518 45174 45306
  302: 43729 49066 49081
  303: 43784 44824 44828
  304: 43903 48848 48851
  305: 43936 48633 48727
  306: 44234 45521 45545
  307: 44571 44673 44824
  308: 44688 44828 45061
  309: 44700 45306 45312
  310: 45318 45545 46477
  311: 45443 48347 48608
  312: 45777 46477 46715
  313: 45954 46737 47254
  314: 45986 48998 49057
  315: 46015 46715 46737
  316: 46340 47254 47349
  317: 46427 48608 48633
  318: 46801 48751 48848
  319: 46805 48172 48281
  320: 46923 47539 47769
  321: 46958 48004 48172
  322: 46997 47349 47539
  323: 47229 48851 48895
  324: 47294 49057 49066
  325: 47656 47814 48004
  326: 47719 48281 48305
  327: 47721 47769 47814
  328: 47998 48727 48751
  329: 48057 50707 50755
  330: 48194 48322 48347
  331: 48266 48305 48322
  332: 48383 48895 48998
  333: 48413 49081 49893
  334: 48557 50001 50424
  335: 49182 50460 50469
  336: 49271 50424 50460
  337: 49418 52043 52053
  338: 49475 49893 49972
  339: 49577 52035 52043
  340: 49636 49972 50001
  341: 49645 50755 52035
  342: 50060 50469 50707
  343: 50531 52053 52244
  344: 50772 54383 54561
  345: 51057 52580 53469
  346: 51315 54561 54647
  347: 51752 53534 53541
  348: 51770 54791 54881
  349: 52085 52244 52336
  350: 52151 52336 52580
  351: 52614 57932 57999
  352: 52627 53758 53958
  353: 52740 53469 53494
  354: 52749 55036 55045
  355: 52768 53494 53534
  356: 52867 54743 54791
  357: 52882 53541 53641
  358: 52928 54987 55036
  359: 52970 54931 54987
  360: 53037 54881 54931
  361: 53144 54714 54743
  362: 53213 53641 53711
  363: 53349 53711 53755
  364: 53491 53755 53758
  365: 53535 55108 55163
  366: 53605 54647 54714
  367: 53870 53958 54215
  368: 54130 54215 54383
  369: 54462 58036 58123
  370: 54550 55045 55108
  371: 54602 58237 58249
  372: 54638 56502 56849
  373: 54714 56995 57326
  374: 54807 57503 57663
  375: 54936 57999 58036
  376: 55160 55163 55407
  377: 55171 55407 55512
  378: 55306 57663 57702
  379: 55472 55512 55645
  380: 55503 58123 58232
  381: 55544 57326 57503
  382: 55573 55645 55939
  383: 55583 55939 56084
  384: 55680 58249 58273
  385: 56055 58232 58237
  386: 56056 56084 56500
  387: 56421 56500 56502
  388: 56569 56849 56989
  389: 56760 60820 60925
  390: 56761 56989 56995
  391: 57353 57702 57932
  392: 57442 61052 61058
  393: 58049 61005 61018
  394: 58247 58273 58873
  395: 58303 62632 62843
  396: 58445 58991 59062
  397: 58557 59062 59539
  398: 58720 58873 58991
  399: 58988 60758 60820
  400: 59116 59539 59623
  401: 59137 59858 59970
  402: 59139 61018 61052
  403: 59401 59623 59858
  404: 59474 59970 60016
  405: 59695 60016 60347
  406: 60052 62432 62488
  407: 60088 60347 60408
  408: 60344 60408 60758
  409: 60433 61980 62115
  410: 60743 62488 62528
  411: 60854 61059 61980
  412: 60921 60925 61005
  413: 60980 61058 61059
  414: 61153 64528 64630
  415: 61192 64254 64413
  416: 61684 64214 64254
  417: 62017 62843 62906
  418: 62100 62115 62432
  419: 62247 62528 62632
  420: 62303 64113 64141
  421: 62346 64508 64512
  422: 62379 63791 64037
  423: 62522 64805 64918
  424: 62692 64662 64805
  425: 62835 62906 63702
  426: 63159 64630 64656
  427: 63175 64413 64460
  428: 63218 64037 64113
  429: 63276 69431 69509
  430: 63421 63702 63722
  431: 63465 63722 63791
  432: 63904 64656 64662
  433: 64032 64141 64214
  434: 64393 64512 64528
  435: 64433 64460 64508
  436: 64594 64918 65845
  437: 64693 69195 69346
  438: 65508 65845 66589
  439: 65895 68948 68964
  440: 65934 68438 68712
  441: 65981 66589 66593
  442: 66177 66845 67599
  443: 66253 66593 66845
  444: 66514 68964 69076
  445: 67093 67873 68329
  446: 67149 67811 67873
  447: 67163 67679 67811
  448: 67242 68822 68948
  449: 67406 67599 67679
  450: 67785 69410 69431
  451: 67916 68712 68788
  452: 67999 71204 71237
  453: 68097 68335 68426
  454: 68136 68426 68438
  455: 68157 68329 68335
  456: 68234 68788 68822
  457: 68433 69162 69195
  458: 68439 69076 69107
  459: 68590 69146 69162
  460: 68789 71139 71173
  461: 68808 71393 71432
  462: 68845 70525 70625
  463: 68926 69346 69410
  464: 68940 69107 69146
  465: 69211 71237 71393
  466: 69281 70511 70525
  467: 69371 69509 70454
  468: 69824 75702 75716
  469: 70016 70625 70660
  470: 70022 70660 70994
  471: 70094 70454 70511
  472: 70366 70994 71139
  473: 70413 75625 75689
  474: 70776 75716 75770
  475: 70943 72506 72779
  476: 70953 75456 75534
  477: 71117 71432 72025
  478: 71154 71173 71204
  479: 71190 72030 72079
  480: 71531 73755 74017
  481: 71593 72025 72030
  482: 71703 75540 75542
  483: 71930 72079 72424
  484: 72117 72424 72506
  485: 72434 75424 75456
  486: 72640 73432 73586
  487: 72680 72779 72893
  488: 72764 72893 73072
  489: 72867 73092 73432
  490: 72956 73657 73755
  491: 72962 73072 73092
  492: 72965 75271 75360
  493: 73229 73586 73657
  494: 73501 74021 74039
  495: 73625 75360 75424
  496: 73647 75770 75772
  497: 73656 74984 75271
  498: 73859 75542 75625
  499: 73888 74241 74883
  500: 73961 74017 74021
  501: 74006 74039 74241
  502: 74072 74932 74938
  503: 74294 75534 75536
  504: 74301 77015 77309
  505: 74330 74883 74932
  506: 74433 77309 77450
  507: 74441 74938 74984
  508: 74926 75689 75702
  509: 75155 75536 75540
  510: 75661 75772 76876
  511: 75786 77450 77683
  512: 75841 77824 79024
  513: 76074 77683 77758
  514: 76176 80043 80057
  515: 76297 79834 79909
  516: 76307 79665 79766
  517: 76320 76943 76996
  518: 76385 79823 79834
  519: 76428 76876 76943
  520: 76457 76996 77015
  521: 76845 79217 79482
  522: 77012 80057 80057
  523: 77052 79024 79043
  524: 77373 77790 77824
  525: 77466 79797 79809
  526: 77547 77758 77790
  527: 78176 79509 79586
  528: 78355 79586 79665
  529: 78615 81560 81579
  530: 78836 80753 81210
  531: 78859 79793 79797
  532: 78902 81509 81560
  533: 78954 79043 79099
  534: 78972 79099 79217
  535: 78979 81399 81418
  536: 78982 79909 80043
  537: 78984 79482 79509
  538: 79527 81418 81509
  539: 79594 79809 79823
  540: 79648 79766 79793
  541: 79842 80057 80540
  542: 80213 80540 80574
  543: 80314 80574 80753
  544: 80421 81261 81344
  545: 80717 81344 81399
  546: 80922 81984 81988
  547: 80951 81856 81984
  548: 80995 81988 82919
  549: 81148 81210 81261
  550: 81157 83543 83609
  551: 81329 81579 81856
  552: 81498 83609 83628
  553: 81735 83189 83541
  554: 82336 85508 85722
  555: 82450 85430 85497
  556: 82457 85497 85508
  557: 82465 83965 84146
  558: 82469 82919 83061
  559: 82608 83061 83062
  560: 82953 83062 83189
  561: 83261 83541 83543
  562: 83367 85722 85962
  563: 83541 83628 83778
  564: 83658 85343 85369
  565: 83687 84552 84847
  566: 83698 83778 83965
  567: 83880 84146 84552
  568: 84013 84911 85037
  569: 84098 84847 84911
  570: 84281 85962 86091
  571: 84607 87624 87630
  572: 84658 87858 87987
  573: 84858 85369 85430
  574: 84962 85037 85343
  575: 85290 86922 86941
  576: 85592 87630 87652
  577: 85608 86861 86897
  578: 85885 87685 87710
  579: 85917 86897 86922
  580: 85946 86853 86861
  581: 85953 86091 86604
  582: 85999 87208 87624
  583: 86004 87800 87858
  584: 86056 86941 87063
  585: 86151 89880 89901
  586: 86249 86604 86853
  587: 86484 87652 87685
  588: 86543 87063 87208
  589: 86564 87733 87800
  590: 86976 89845 89880
  591: 87025 87710 87733
  592: 87276 89159 89160
  593: 87314 87987 88519
  594: 87349 88962 89080
  595: 87365 89119 89159
  596: 87620 89567 89641
  597: 87776 89641 89735
  598: 88163 88519 88554
  599: 88202 89555 89567
  600: 88298 89333 89416
  601: 88468 96842 96844
  602: 88480 88668 88962
  603: 88515 88554 88668
  604: 88661 89735 89796
  605: 88789 96454 96456
  606: 88856 89080 89119
  607: 88959 96603 96645
  608: 89112 89416 89555
  609: 89127 89160 89333
  610: 89200 96948 96960
  611: 89292 89796 89823
  612: 89299 89901 90665
  613: 89512 89823 89845
  614: 89664 97033 97037
  615: 89778 96886 96948
  616: 89938 90665 90704
  617: 89940 91406 91510
  618: 90092 96322 96415
  619: 90336 96507 96568
  620: 90379 90704 90851
  621: 90397 96415 96454
  622: 90400 96877 96886
  623: 90460 91253 91406
  624: 90789 90851 90965
  625: 90901 90965 91253
  626: 90971 91771 91814
  627: 91038 91814 92650
  628: 91120 91510 91554
  629: 91219 91554 91670
  630: 91239 91670 91749
  631: 91243 96699 96700
  632: 91339 91749 91771
  633: 91934 92857 93237
  634: 92111 96696 96699
  635: 92427 96960 97033
  636: 92481 93303 93511
  637: 92634 92650 92857
  638: 92982 93511 93524
  639: 93102 96700 96717
  640: 93189 93237 93303
  641: 93207 96717 96777
  642: 93228 93524 94513
  643: 93276 96228 96250
  644: 93428 96663 96674
  645: 93590 96650 96663
  646: 93863 96504 96507
  647: 93992 94736 94823
  648: 94194 96250 96253
  649: 94291 94513 94571
  650: 94361 94571 94736
  651: 94445 96456 96500
  652: 94518 94998 95300
  653: 94525 94823 94879
  654: 94542 96316 96322
  655: 94562 96166 96228
  656: 94751 94879 94998
  657: 94828 96777 96842
  658: 95031 96500 96504
  659: 95119 95804 95920
  660: 95219 95300 95374
  661: 95252 95374 95804
  662: 95528 96674 96696
  663: 95702 96253 96316
  664: 95772 100694 100730
  665: 95785 96645 96650
  666: 95913 95920 96157
  667: 96009 97037 97078
  668: 96156 96157 96166
  669: 96210 96587 96603
  670: 96234 98128 98169
  671: 96291 96844 96877
  672: 96467 96568 96587
  673: 96680 97078 98128
  674: 96768 100653 100657
  675: 97080 99160 99202
  676: 97149 100878 100941
  677: 97205 100592 100653
  678: 97537 101037 101067
  679: 97814 100516 100547
  680: 97852 98932 99160
  681: 97863 98409 98932
  682: 97957 98169 98409
  683: 98209 100842 100878
  684: 98226 100730 100842
  685: 98538 100547 100592
  686: 98668 100657 100694
  687: 98694 99202 100516
  688: 99205 102700 103191
  689: 99421 101318 101976
  690: 99450 102309 102509
  691: 99523 102193 102309
  692: 99732 102514 102630
  693: 99971 102511 102514
  694: 100179 102510 102511
  695: 100676 101067 101121
  696: 100814 100941 101037
  697: 101075 101121 101318
  698: 101213 102509 102510
  699: 101251 102630 102633
  700: 101495 104957 105031
  701: 101496 101976 102006
  702: 101556 104729 104927
  703: 101743 104635 104640
  704: 101762 102006 102193
  705: 101963 104640 104657
  706: 101992 104927 104957
  707: 102300 103191 103214
  708: 102621 102633 102700
  709: 102764 103291 103954
  710: 102831 103954 104074
  711: 102990 103214 103291
  712: 103141 104235 104253
  713: 103156 104694 104729
  714: 103185 104369 104603
  715: 103186 105243 105263
  716: 103275 105031 105243
  717: 103355 106736 106911
  718: 103386 104957 104957
  719: 103407 104603 104635
  720: 103568 107063 107072
  721: 103712 106911 107011
  722: 103720 104074 104235
  723: 103966 107165 107192
  724: 104002 104253 104369
  725: 104140 106303 106485
  726: 104149 104657 104694
  727: 104279 106688 106718
  728: 104515 106485 106688
  729: 105257 105266 105283
  730: 105263 105263 105266
  731: 105264 106267 106303
  732: 105268 105283 106165
  733: 105324 109194 109230
  734: 105456 106165 106208
  735: 105570 109004 109120
  736: 105633 109270 109304
  737: 105655 108848 108850
  738: 105833 107192 107225
  739: 105899 107072 107165
  740: 105978 107225 107271
  741: 106089 106208 106267
  742: 106137 109368 109399
  743: 106170 109462 109483
  744: 106436 109230 109270
  745: 106451 107011 107063
  746: 106485 109443 109462
  747: 106558 109120 109194
  748: 106672 106718 106736
  749: 106763 109304 109368
  750: 106793 109483 109633
  751: 106876 108294 108588
  752: 106910 107271 108081
  753: 107390 111413 111493
  754: 107507 108867 109004
  755: 107802 111493 111610
  756: 107860 108588 108848
  757: 107954 108081 108156
  758: 108071 108156 108294
  759: 108256 108850 108867
  760: 108588 111255 111287
  761: 108638 109399 109443
  762: 109039 110866 111031
  763: 109104 109798 110619
  764: 109183 111287 111309
  765: 109334 110619 110866
  766: 109620 109633 109774
  767: 109646 109774 109798
  768: 109811 113253 113320
  769: 109813 112939 113095
  770: 109905 111376 111413
  771: 109944 111078 111255
  772: 109997 111031 111078
  773: 110079 111309 111376
  774: 110157 113095 113253
  775: 110204 112423 112939
  776: 111074 111610 112423
SUM: 113320 113319 1.0000 1672.10 1526.26 8374
