    0:     1     1  1740
    1:   122  2772  2964
    2:   251  2681  2772
    3:   500  3221  3570
    4:   663  2471  2681
    5:   812  1740  1989
    6:   873  2964  3059
    7:   911  3059  3221
    8:  1124  1989  2471
    9:  1505  3570  3827
   10:  1577  3827  3942
   11:  1741  4358  4629
   12:  1794  3942  4073
   13:  2087  5685  5767
   14:  2089  4980  5052
   15:  2135  5644  5685
   16:  2157  4073  4207
   17:  2229  5239  5398
   18:  2428  4207  4356
   19:  2853  4629  4780
   20:  3146  5105  5110
   21:  3226  4356  4358
   22:  3235  5110  5239
   23:  3366  5541  5583
   24:  3443  4780  4980
   25:  3790  5398  5541
   26:  3905  5052  5105
   27:  3933  5583  5644
   28:  4096  7700  7754
   29:  4325  6312  6458
   30:  4465  7685  7700
   31:  4592  6155  6312
   32:  4629  5874  5884
   33:  4734  5788  5874
   34:  4768  6458  6917
   35:  4845  7587  7685
   36:  4856  6083  6155
   37:  4909  6917  7587
   38:  5013  5884  6026
   39:  5536  5767  5788
   40:  5622  6026  6083
   41:  5824  9631 11594
   42:  5919  9480  9525
   43:  6220  7754  7993
   44:  6904  8886  9008
   45:  7199  8582  8886
   46:  7403  7993  8582
   47:  7474  9525  9631
   48:  7561  9008  9480
   49:  8092 12731 12918
   50:  8162 12315 12370
   51:  8365 12474 12504
   52:  8406 11594 11724
   53:  8537 13086 13120
   54:  9247 12524 12731
   55:  9426 12457 12474
   56:  9516 12504 12524
   57:  9604 13467 13492
   58:  9680 11724 12257
   59:  9700 12370 12391
   60:  9703 13492 15392
   61:  9707 13120 13144
   62:  9799 12392 12423
   63: 10013 13372 13444
   64: 10072 13040 13086
   65: 10205 13016 13040
   66: 10229 12283 12315
   67: 10260 12391 12392
   68: 10344 13158 13179
   69: 10373 12423 12457
   70: 10441 13279 13372
   71: 10758 13179 13279
   72: 10825 12257 12283
   73: 11064 13144 13158
   74: 11234 13444 13467
   75: 11266 12918 13016
   76: 11712 15777 15839
   77: 11813 16217 16244
   78: 11966 15839 15949
   79: 12032 17335 19292
   80: 12038 17299 17335
   81: 12227 15754 15777
   82: 12289 16973 17246
   83: 12423 16965 16973
   84: 12615 16959 16965
   85: 12654 15523 15623
   86: 12824 15623 15647
   87: 13366 15516 15523
   88: 13462 16886 16959
   89: 13749 15647 15754
   90: 13941 15392 15516
   91: 14287 16389 16771
   92: 14338 15949 16217
   93: 14358 17246 17299
   94: 14534 16244 16389
   95: 15014 16780 16886
   96: 15110 16771 16780
   97: 15563 20906 20974
   98: 15709 20406 20431
   99: 15856 19987 20054
  100: 15921 21037 21063
  101: 16022 19336 19422
  102: 16025 20237 20263
  103: 16047 20278 20324
  104: 16094 19292 19310
  105: 16270 19310 19336
  106: 16282 20431 20533
  107: 16465 20054 20063
  108: 16471 21005 21007
  109: 16532 20734 20801
  110: 16597 19909 19926
  111: 16700 20974 21005
  112: 16703 20218 20237
  113: 16876 20544 20620
  114: 16883 19949 19987
  115: 16890 20063 20122
  116: 16929 20343 20406
  117: 17023 19620 19819
  118: 17030 20533 20544
  119: 17248 19926 19949
  120: 17393 20263 20278
  121: 17455 20620 20734
  122: 17473 19422 19448
  123: 17490 19563 19620
  124: 17891 20167 20217
  125: 18258 19819 19909
  126: 18476 20122 20167
  127: 18502 20801 20906
  128: 18853 21023 21037
  129: 18945 21063 21214
  130: 18981 20324 20343
  131: 19049 20217 20218
  132: 19062 21007 21023
  133: 19249 19448 19563
  134: 19347 22021 22153
  135: 19437 22735 22911
  136: 19439 21493 21539
  137: 19722 22919 22920
  138: 20058 21214 21238
  139: 20109 21327 21493
  140: 20192 22733 22735
  141: 20216 22590 22733
  142: 20372 22321 22526
  143: 20377 21923 22021
  144: 20410 22153 22156
  145: 20523 22156 22321
  146: 20529 21238 21327
  147: 20856 22911 22919
  148: 21085 21704 21923
  149: 21130 22526 22590
  150: 21153 21539 21704
  151: 21235 22920 22985
  152: 21354 22985 23257
  153: 21405 23386 23603
  154: 21451 23757 23858
  155: 21507 23918 24095
  156: 21760 23603 23621
  157: 22185 23621 23650
  158: 22426 24095 24629
  159: 22438 24629 26556
  160: 22538 23858 23918
  161: 22625 23650 23757
  162: 22744 23257 23374
  163: 22910 23374 23386
  164: 23641 28257 28428
  165: 23797 26781 26801
  166: 23971 26716 26720
  167: 24024 26957 27056
  168: 24099 27564 27739
  169: 24297 27884 27886
  170: 24332 26612 26661
  171: 24408 26556 26612
  172: 24526 27056 27235
  173: 24640 27235 27268
  174: 24702 27739 27782
  175: 24776 28184 28229
  176: 24821 28229 28240
  177: 24897 28112 28184
  178: 24934 26661 26716
  179: 24967 26801 26957
  180: 24977 28240 28257
  181: 25043 27886 28054
  182: 25625 27782 27884
  183: 25632 27268 27296
  184: 25684 28054 28112
  185: 25697 27507 27564
  186: 26001 27398 27507
  187: 26125 27296 27398
  188: 26411 26720 26781
  189: 26662 29878 29908
  190: 26875 29679 29878
  191: 26887 30152 30251
  192: 26903 29344 29348
  193: 27218 29461 29679
  194: 27351 29908 30152
  195: 27469 28479 28999
  196: 28003 28429 28477
  197: 28089 28428 28429
  198: 28230 28999 29344
  199: 28293 28477 28479
  200: 28345 29348 29461
  201: 28434 30397 30533
  202: 28852 30251 30254
  203: 28997 31775 31778
  204: 29027 30885 31087
  205: 29032 31972 32085
  206: 29206 30254 30397
  207: 29208 31578 31775
  208: 29348 31778 31972
  209: 29371 30533 30622
  210: 29372 31087 31578
  211: 29720 32085 32131
  212: 29871 30622 30885
  213: 30308 33485 33545
  214: 30601 33009 33485
  215: 30636 33729 33748
  216: 30839 32695 32733
  217: 30906 32438 32695
  218: 31099 33748 34083
  219: 31205 32131 32244
  220: 31299 32733 32987
  221: 31632 33545 33729
  222: 31797 32244 32264
  223: 31851 32264 32438
  224: 31875 32987 33009
  225: 32146 35740 35797
  226: 32235 35723 35740
  227: 32341 35675 35723
  228: 32569 35503 35675
  229: 32744 34083 34281
  230: 32749 35797 35837
  231: 33044 35408 35503
  232: 33088 34863 35222
  233: 33178 34524 34620
  234: 33194 34620 34863
  235: 33402 35222 35400
  236: 33454 35905 35974
  237: 33518 34303 34524
  238: 34000 35400 35408
  239: 34011 34281 34303
  240: 34048 35837 35905
  241: 34871 35974 36499
  242: 35080 36774 36843
  243: 35189 36499 36754
  244: 35247 37381 37406
  245: 35411 37083 37149
  246: 35432 36758 36774
  247: 35446 36843 37083
  248: 35468 36754 36758
  249: 35634 37149 37381
  250: 36148 37694 37835
  251: 36527 37406 37486
  252: 36604 37486 37505
  253: 36708 37505 37694
  254: 37213 37835 38107
  255: 37315 38107 38890
  256: 37420 39382 39508
  257: 37750 39004 39072
  258: 37755 39272 39358
  259: 38040 39072 39239
  260: 38203 39508 39586
  261: 38401 40081 40123
  262: 38418 40123 40184
  263: 38454 38890 39004
  264: 38531 40184 40318
  265: 38634 39239 39272
  266: 38701 39358 39382
  267: 38863 39586 40081
  268: 39056 41944 42055
  269: 39085 40811 41024
  270: 39311 41024 41051
  271: 39670 41682 41817
  272: 39704 40470 40811
  273: 39840 41817 41944
  274: 39883 41051 41494
  275: 40026 40318 40372
  276: 40031 41494 41682
  277: 40238 42055 42161
  278: 40276 40372 40470
  279: 40350 42448 43183
  280: 40696 43385 43718
  281: 40704 42427 42448
  282: 40771 43331 43333
  283: 40784 43718 45327
  284: 41173 42269 42427
  285: 41432 43204 43331
  286: 42018 43333 43385
  287: 42026 42161 42269
  288: 42151 43183 43204
  289: 42238 46647 46777
  290: 42261 48453 48481
  291: 42485 45327 45456
  292: 42579 46020 46203
  293: 42637 46523 46527
  294: 42752 46527 46571
  295: 42820 46017 46020
  296: 42978 45806 45957
  297: 43181 48481 48570
  298: 43208 46777 46789
  299: 43235 48436 48453
  300: 43255 48570 48645
  301: 43518 46877 48430
  302: 43729 46789 46877
  303: 43784 45569 45802
  304: 43903 46571 46647
  305: 43936 46203 46523
  306: 44234 48645 48669
  307: 44571 45802 45806
  308: 44688 45456 45569
  309: 44700 48430 48436
  310: 45318 45957 46017
  311: 45443 49727 49988
  312: 45777 49341 49363
  313: 45954 48787 48824
  314: 45986 50378 50437
  315: 46015 49194 49341
  316: 46340 48669 48729
  317: 46427 49988 50013
  318: 46801 50131 50228
  319: 46805 49649 49661
  320: 46923 49118 49149
  321: 46958 49384 49552
  322: 46997 48824 48919
  323: 47229 50228 50275
  324: 47294 50437 50446
  325: 47656 49363 49384
  326: 47719 49661 49685
  327: 47721 49149 49194
  328: 47998 50013 50131
  329: 48057 48729 48787
  330: 48194 49702 49727
  331: 48266 49685 49702
  332: 48383 50275 50378
  333: 48413 49552 49649
  334: 48557 48919 49118
  335: 49182 51810 51819
  336: 49271 51351 51810
  337: 49418 50446 50807
  338: 49475 50825 51322
  339: 49577 50807 50817
  340: 49636 51322 51351
  341: 49645 50817 50825
  342: 50060 51819 52057
  343: 50531 52761 53498
  344: 50772 52417 52503
  345: 51057 52689 52761
  346: 51315 52183 52417
  347: 51752 52503 52689
  348: 51770 52057 52183
  349: 52085 53650 53894
  350: 52151 53567 53650
  351: 52614 53498 53567
  352: 52627 53894 54194
  353: 52740 54511 54564
  354: 52749 55272 55281
  355: 52768 54564 54604
  356: 52867 54979 55027
  357: 52882 54441 54511
  358: 52928 55223 55272
  359: 52970 55167 55223
  360: 53037 55027 55167
  361: 53144 54604 54979
  362: 53213 54397 54441
  363: 53349 54394 54397
  364: 53491 54194 54394
  365: 53535 58940 58995
  366: 53605 55512 55612
  367: 53870 55971 56111
  368: 54130 55612 55943
  369: 54462 56866 56953
  370: 54550 57079 58940
  371: 54602 56953 57079
  372: 54638 55943 55971
  373: 54714 56111 56156
  374: 54807 56156 56493
  375: 54936 56493 56866
  376: 55160 55281 55407
  377: 55171 55407 55512
  378: 55306 60335 60364
  379: 55472 59456 59477
  380: 55503 60887 60894
  381: 55544 60146 60165
  382: 55573 59144 59183
  383: 55583 58995 59038
  384: 55680 60899 60935
  385: 56055 60894 60899
  386: 56056 59342 59454
  387: 56421 59454 59456
  388: 56569 59657 59663
  389: 56760 59183 59237
  390: 56761 59477 59657
  391: 57353 60364 60594
  392: 57442 59038 59104
  393: 58049 59104 59144
  394: 58247 60217 60335
  395: 58303 60623 60887
  396: 58445 59663 60146
  397: 58557 60594 60623
  398: 58720 60165 60217
  399: 58988 59237 59342
  400: 59116 61298 61331
  401: 59137 61566 61678
  402: 59139 62713 62760
  403: 59401 61338 61566
  404: 59474 61711 61724
  405: 59695 61846 62055
  406: 60052 61331 61338
  407: 60088 62055 62116
  408: 60344 62116 62466
  409: 60433 61678 61711
  410: 60743 60935 61298
  411: 60854 61724 61846
  412: 60921 62466 62713
  413: 60980 64600 66447
  414: 61153 62839 63014
  415: 61192 63132 63231
  416: 61684 63231 63390
  417: 62017 64326 64600
  418: 62100 63607 64126
  419: 62247 64126 64326
  420: 62303 63390 63503
  421: 62346 63014 63132
  422: 62379 63503 63607
  423: 62522 66447 66474
  424: 62692 62760 62839
  425: 62835 67532 67552
  426: 63159 66730 66736
  427: 63175 66884 66932
  428: 63218 67178 67279
  429: 63276 68156 68319
  430: 63421 67522 67532
  431: 63465 67552 67601
  432: 63904 66661 66730
  433: 64032 67163 67178
  434: 64393 66736 66864
  435: 64433 66864 66884
  436: 64594 67279 67401
  437: 64693 67774 68156
  438: 65508 66474 66657
  439: 65895 67601 67774
  440: 65934 67401 67522
  441: 65981 66657 66661
  442: 66177 66932 67163
  443: 66253 68319 70229
  444: 66514 71578 71706
  445: 67093 71137 71165
  446: 67149 70654 70709
  447: 67163 70709 70771
  448: 67242 71452 71578
  449: 67406 70771 70903
  450: 67785 72040 72061
  451: 67916 71194 71418
  452: 67999 70255 70411
  453: 68097 71068 71080
  454: 68136 71023 71068
  455: 68157 71165 71171
  456: 68234 71418 71452
  457: 68433 71792 71825
  458: 68439 71706 71737
  459: 68590 71776 71792
  460: 68789 70411 70475
  461: 68808 72061 73906
  462: 68845 70988 71023
  463: 68926 72018 72040
  464: 68940 71737 71776
  465: 69211 70229 70255
  466: 69281 71080 71123
  467: 69371 71171 71194
  468: 69824 71825 72018
  469: 70016 70903 70988
  470: 70022 70475 70654
  471: 70094 71123 71137
  472: 70366 74134 74199
  473: 70413 75617 75681
  474: 70776 75681 75762
  475: 70943 75129 75243
  476: 70953 75448 75526
  477: 71117 74494 74499
  478: 71154 74045 74134
  479: 71190 74499 74543
  480: 71531 74031 74045
  481: 71593 74476 74494
  482: 71703 75526 75534
  483: 71930 74875 74888
  484: 72117 74950 74970
  485: 72434 75416 75448
  486: 72640 74405 74476
  487: 72680 74970 75129
  488: 72764 74888 74950
  489: 72867 74543 74630
  490: 72956 74199 74307
  491: 72962 74970 74970
  492: 72965 75263 75352
  493: 73229 74307 74405
  494: 73501 73906 74031
  495: 73625 75352 75416
  496: 73647 75762 75764
  497: 73656 75243 75263
  498: 73859 75534 75617
  499: 73888 74630 74875
  500: 73961 77295 77479
  501: 74006 77164 77295
  502: 74072 76552 76598
  503: 74294 75996 76000
  504: 74301 76868 77023
  505: 74330 76598 76604
  506: 74433 77023 77164
  507: 74441 76000 76552
  508: 74926 75764 75834
  509: 75155 75834 75996
  510: 75661 76604 76868
  511: 75786 77486 77561
  512: 75841 78229 78620
  513: 76074 77479 77486
  514: 76176 79157 79305
  515: 76297 79082 79157
  516: 76307 78730 79014
  517: 76320 78157 78210
  518: 76385 79057 79082
  519: 76428 77561 78157
  520: 76457 78210 78229
  521: 76845 78639 78730
  522: 77012 79305 79305
  523: 77052 78620 78639
  524: 77373 79305 81190
  525: 77466 79014 79057
  526: 77547 81190 81224
  527: 78176 82592 82604
  528: 78355 82604 82683
  529: 78615 81224 81553
  530: 78836 81871 81922
  531: 78859 82811 82815
  532: 78902 81553 81572
  533: 78954 82235 82353
  534: 78972 82075 82235
  535: 78979 81623 81714
  536: 78982 82841 83061
  537: 78984 82511 82527
  538: 79527 81572 81623
  539: 79594 82815 82841
  540: 79648 82683 82811
  541: 79842 82558 82592
  542: 80213 82527 82558
  543: 80314 82353 82379
  544: 80421 81733 81788
  545: 80717 81714 81733
  546: 80922 84974 84978
  547: 80951 83061 84974
  548: 80995 81922 82075
  549: 81148 81788 81871
  550: 81157 82379 82511
  551: 81329 85066 85110
  552: 81498 86279 86364
  553: 81735 86181 86277
  554: 82336 85110 85306
  555: 82450 85520 85531
  556: 82457 85306 85520
  557: 82465 86833 86882
  558: 82469 85991 86051
  559: 82608 86051 86052
  560: 82953 85685 85925
  561: 83261 86277 86279
  562: 83367 84978 85066
  563: 83541 86476 86514
  564: 83658 85598 85659
  565: 83687 86117 86181
  566: 83698 86514 86701
  567: 83880 86364 86476
  568: 84013 85925 85991
  569: 84098 86052 86117
  570: 84281 86882 88827
  571: 84607 86476 86476
  572: 84658 86701 86833
  573: 84858 85531 85598
  574: 84962 85659 85685
  575: 85290 89658 89677
  576: 85592 90360 90388
  577: 85608 89621 89633
  578: 85885 90421 90446
  579: 85917 89633 89658
  580: 85946 89589 89597
  581: 85953 89213 89340
  582: 85999 90226 90360
  583: 86004 90574 90594
  584: 86056 89700 89799
  585: 86151 88827 88879
  586: 86249 89364 89589
  587: 86484 90388 90421
  588: 86543 89818 89944
  589: 86564 90469 90536
  590: 86976 88879 88900
  591: 87025 90446 90469
  592: 87276 89597 89620
  593: 87314 90186 90191
  594: 87349 89677 89700
  595: 87365 89620 89621
  596: 87620 89045 89139
  597: 87776 88984 89045
  598: 88163 90191 90226
  599: 88202 89139 89213
  600: 88298 89340 89364
  601: 88468 90536 90574
  602: 88480 89799 89818
  603: 88515 89944 90112
  604: 88661 88900 88984
  605: 88789 90112 90186
  606: 88856 91852 91873
  607: 88959 90767 91159
  608: 89112 92260 92309
  609: 89127 91891 92087
  610: 89200 90678 90690
  611: 89292 92364 92577
  612: 89299 91873 91891
  613: 89512 92577 92599
  614: 89664 90690 90767
  615: 89778 90616 90678
  616: 89938 91705 91852
  617: 89940 92309 92364
  618: 90092 91350 91389
  619: 90336 91159 91236
  620: 90379 91389 91705
  621: 90397 91236 91350
  622: 90400 90594 90616
  623: 90460 92087 92260
  624: 90789 93366 93379
  625: 90901 92790 93091
  626: 90971 96281 96324
  627: 91038 93091 93366
  628: 91120 92779 92790
  629: 91219 92599 92674
  630: 91239 94427 96259
  631: 91243 94093 94094
  632: 91339 96259 96281
  633: 91934 92674 92779
  634: 92111 93379 94093
  635: 92427 94094 94427
  636: 92481 96324 96349
  637: 92634 96959 97003
  638: 92982 98316 100296
  639: 93102 97934 97955
  640: 93189 96538 96557
  641: 93207 97955 98015
  642: 93228 97267 97325
  643: 93276 97466 97488
  644: 93428 97901 97912
  645: 93590 97888 97901
  646: 93863 97742 97745
  647: 93992 97003 97015
  648: 94194 97488 97491
  649: 94291 97225 97267
  650: 94361 97042 97102
  651: 94445 97560 97738
  652: 94518 96349 96538
  653: 94525 96840 96959
  654: 94542 97554 97560
  655: 94562 97404 97466
  656: 94751 96730 96840
  657: 94828 98015 98080
  658: 95031 97738 97742
  659: 95119 97102 97158
  660: 95219 96557 96612
  661: 95252 97015 97042
  662: 95528 97912 97934
  663: 95702 97491 97554
  664: 95772 96612 96730
  665: 95785 97841 97888
  666: 95913 97325 97395
  667: 96009 98115 98316
  668: 96156 97395 97404
  669: 96210 97745 97841
  670: 96234 97158 97225
  671: 96291 98080 98115
  672: 96467 101748 101785
  673: 96680 101154 101226
  674: 96768 100726 100763
  675: 97080 102176 102218
  676: 97149 100353 100479
  677: 97205 100763 100767
  678: 97537 100296 100353
  679: 97814 100828 100873
  680: 97852 102175 102176
  681: 97863 101785 101948
  682: 97957 101226 101425
  683: 98209 100479 100542
  684: 98226 100542 100578
  685: 98538 100767 100828
  686: 98668 100578 100726
  687: 98694 100873 100904
  688: 99205 101948 102175
  689: 99421 100904 101154
  690: 99450 101427 101627
  691: 99523 101425 101427
  692: 99732 101632 101748
  693: 99971 101629 101632
  694: 100179 101627 101629
  695: 100676 104053 104137
  696: 100814 103940 104053
  697: 101075 103901 103940
  698: 101213 102685 102808
  699: 101251 102218 102685
  700: 101495 103827 103901
  701: 101496 103125 103312
  702: 101556 103527 103797
  703: 101743 103312 103510
  704: 101762 102808 103125
  705: 101963 103510 103527
  706: 101992 103797 103827
  707: 102300 106030 106036
  708: 102621 105450 105522
  709: 102764 105330 105450
  710: 102831 105169 105330
  711: 102990 106036 106113
  712: 103141 105035 105151
  713: 103156 104447 104675
  714: 103185 104769 104801
  715: 103186 104137 104141
  716: 103275 104141 104161
  717: 103355 105522 105749
  718: 103386 104161 104447
  719: 103407 104675 104769
  720: 103568 105849 105910
  721: 103712 105749 105849
  722: 103720 105151 105169
  723: 103966 105910 106030
  724: 104002 104801 105035
  725: 104140 106700 106903
  726: 104149 107270 107516
  727: 104279 106223 106670
  728: 104515 106670 106700
  729: 105257 108088 108105
  730: 105263 107724 108088
  731: 105264 106903 107085
  732: 105268 107180 107223
  733: 105324 107540 107650
  734: 105456 107121 107180
  735: 105570 107516 107540
  736: 105633 107650 107724
  737: 105655 107223 107270
  738: 105833 106117 106163
  739: 105899 106163 106223
  740: 105978 106113 106117
  741: 106089 107085 107121
  742: 106137 108328 108391
  743: 106170 108157 108307
  744: 106436 108422 108520
  745: 106451 109558 109885
  746: 106485 108307 108328
  747: 106558 108520 108596
  748: 106672 109496 109558
  749: 106763 108391 108422
  750: 106793 108105 108157
  751: 106876 108942 109202
  752: 106910 109202 109283
  753: 107390 109885 109969
  754: 107507 108596 108786
  755: 107802 109969 110086
  756: 107860 108786 108942
  757: 107954 109283 109358
  758: 108071 109358 109496
  759: 108256 111077 111249
  760: 108588 110387 110409
  761: 108638 111796 111825
  762: 109039 110618 110665
  763: 109104 110830 111077
  764: 109183 110320 110387
  765: 109334 110665 110830
  766: 109620 111825 111874
  767: 109646 111874 111898
  768: 109811 111571 111796
  769: 109813 111249 111571
  770: 109905 110086 110283
  771: 109944 110409 110441
  772: 109997 110441 110618
  773: 110079 110283 110320
  774: 110157 111898 112067
  775: 110204 112067 112381
  776: 111074 112381 112897
SUM: 112897 112896 1.0000 2454.46 2309.17 6192
